id,status_group
50785,non functional
51630,functional
17168,functional
45559,non functional
49871,functional
52449,functional
24806,non functional
28965,non functional
36301,non functional
54122,functional
419,functional
45750,non functional
653,non functional
14017,non functional
44607,functional
40228,functional
27714,functional
28785,functional
28330,functional
18532,non functional
69961,functional
55083,functional
8691,non functional
30331,non functional
70970,functional
61136,functional
28799,non functional
46825,non functional
44718,functional needs repair
37350,functional
65738,functional
3271,non functional
42658,functional
67523,functional
37034,functional
42432,functional
27420,functional
707,functional
48489,non functional
51008,non functional
72562,non functional
10275,functional
53540,non functional
43291,non functional
8813,functional
62343,non functional
1649,functional
8822,functional
10352,functional
50878,functional
15266,functional
51956,functional
44099,non functional
59,non functional
51359,non functional
15962,non functional
17853,functional needs repair
42040,non functional
72243,non functional
63653,non functional
26510,functional
72053,functional
29351,functional
51897,non functional
20376,functional
26804,functional
67303,functional
69780,non functional
45374,functional
54665,non functional
39341,non functional
8869,functional needs repair
20691,functional
19693,non functional
14321,non functional
63059,functional
67403,functional
28912,functional
12549,functional
24328,non functional
13750,non functional
1574,non functional
44149,non functional
53917,functional
22705,functional
66465,functional
15644,functional
20773,non functional
33092,non functional
54392,functional
37850,functional
5576,non functional
60840,functional
9971,non functional
57508,functional
25872,functional
43978,functional
38181,functional
24325,non functional
2724,non functional
34794,non functional
56525,non functional
63155,non functional
67247,functional
23387,functional
17873,non functional
18197,functional
24834,functional
4091,functional
33261,functional
44384,functional
62096,non functional
64554,functional
68314,functional
53,functional
23426,functional
38259,non functional
16631,non functional
43162,functional
44492,non functional
38884,non functional
13690,functional
60335,functional
31856,functional
67891,functional
25564,non functional
55293,functional
31866,functional
71178,functional
60279,functional
28615,functional
8744,functional
48308,non functional
49626,non functional
38098,functional
30309,functional needs repair
8015,functional
3496,functional needs repair
56971,functional
68616,functional
8646,functional
74104,functional
37501,non functional
33001,non functional
69202,non functional
68409,functional
51847,non functional
55647,non functional
17923,non functional
71743,non functional
51539,functional
73819,functional
66881,functional
58768,functional
2648,functional
68933,functional
12427,functional
16633,non functional
24123,functional
58551,non functional
17132,functional
3027,non functional
2651,non functional
25998,non functional
63400,functional
50028,non functional
67897,non functional
21425,functional
71756,functional
16862,functional
15420,non functional
47784,functional
712,functional
54368,non functional
2866,functional
51130,functional
27993,functional
21621,non functional
66038,functional
42182,functional
17694,non functional
57759,functional
47978,functional
52359,functional
69656,non functional
24086,non functional
43579,non functional
43284,non functional
2877,non functional
21171,functional
40982,functional
48396,functional
13323,functional needs repair
28467,functional
2768,functional
73593,non functional
65164,functional
69976,non functional
52145,functional needs repair
49259,functional
23542,functional
69848,non functional
9305,functional
14359,functional
28925,non functional
21243,functional
10616,non functional
73667,functional
20566,functional
63711,functional
72840,functional
31651,non functional
3782,functional
6799,functional
21402,functional
35390,functional
12636,non functional
36887,functional
20086,non functional
5634,functional
48029,functional
29927,functional
2930,functional
41800,functional
68349,non functional
61678,non functional
30270,functional
4678,functional
9392,non functional
20735,functional
49300,non functional
70339,functional
25572,functional
61445,functional
32190,functional
39189,functional
14853,functional needs repair
52207,functional
48035,functional
73122,functional
16352,functional
42721,functional
15116,functional
7837,non functional
56907,functional
46382,functional
64521,non functional
67362,functional
61861,functional
72139,non functional
3398,functional
62911,functional
48152,non functional
48001,functional
64118,functional
65793,functional
61557,functional
32352,functional
1830,functional
50553,functional
51961,functional
38481,functional
48371,functional
56540,functional needs repair
18142,functional
72934,non functional
39300,non functional
40115,non functional
3793,non functional
59318,non functional
68070,functional
67527,non functional
34898,functional
26592,functional
67682,functional
52394,functional
32218,functional
69045,functional
12808,functional
49250,functional
64126,functional
64903,non functional
35165,functional
9543,non functional
64635,functional
47929,functional
28329,functional
67954,functional
16575,non functional
16612,functional
27003,functional
73324,non functional
7043,non functional
22174,functional
19450,functional
35825,functional
9854,non functional
23254,functional needs repair
72170,functional
61999,non functional
70354,non functional
6877,non functional
47323,non functional
48624,non functional
6148,functional
59698,non functional
67268,functional
59174,non functional
68916,non functional
28358,functional
57453,functional
71952,non functional
1761,functional
15234,functional
60021,functional
22567,functional
17695,functional
19872,functional
22828,functional
34896,functional
35570,functional
41325,non functional
8831,functional
5345,functional
19379,non functional
5514,functional
61654,non functional
40482,non functional
43123,functional
40492,non functional
68733,functional
3952,functional
70288,non functional
30085,non functional
65837,non functional
34752,functional
2465,functional
11466,non functional
22313,functional
30179,non functional
23505,non functional
48424,functional
11150,functional
70368,functional
26935,non functional
5919,functional
2134,functional
16652,functional
59302,functional
24210,non functional
6211,functional
19743,functional
10760,functional
48104,functional
50171,non functional
63137,functional
38301,functional
10948,functional
33232,functional
61415,functional
69131,functional
73555,functional
46610,functional
20922,non functional
55743,functional
19341,functional
9588,functional
3293,functional
55490,non functional
67678,functional
36119,non functional
62775,non functional
68162,non functional
66128,non functional
12036,functional
15739,non functional
57048,functional
15825,non functional
45590,functional
18055,functional
34073,non functional
14860,functional
53713,functional
69327,non functional
60169,functional
26798,functional
37122,non functional
45156,functional
22874,non functional
58774,functional
40092,non functional
17487,functional
35886,non functional
49892,functional
66338,functional
35481,non functional
4135,non functional
54191,functional
31349,functional
72271,functional
48863,functional
13758,non functional
33443,functional
12003,non functional
10845,non functional
47,non functional
70492,functional
11346,non functional
20126,functional
51000,functional
64505,functional
58329,functional
6311,non functional
22286,functional
35013,functional
6274,functional
30904,functional
46606,functional
18461,functional
15256,non functional
625,functional
42122,functional
18277,functional needs repair
68501,functional
8816,functional needs repair
62879,functional
18554,functional
27712,functional
46935,non functional
57804,functional
57711,functional
5516,non functional
8305,functional
57410,non functional
51412,non functional
25863,functional
35994,functional
55279,non functional
74102,functional
38277,functional
1998,functional needs repair
52056,non functional
63679,functional
71762,non functional
71432,functional
45592,functional
13663,non functional
62227,non functional
3730,functional
2451,functional
46418,non functional
45996,non functional
60911,non functional
46089,functional
65579,non functional
40407,non functional
66663,functional
26597,non functional
50540,functional
58133,non functional
1493,functional
31503,non functional
17910,functional
19466,functional
38120,non functional
66553,non functional
31696,functional
51318,non functional
33584,non functional
48678,functional
36112,non functional
6294,functional
40612,non functional
62793,functional
58090,non functional
2532,non functional
38865,non functional
35462,non functional
51709,functional
40624,non functional
41745,functional
42315,functional
38952,non functional
45540,functional
73833,functional
27771,functional
9336,functional
12545,functional
54811,non functional
48326,functional
31787,non functional
61745,non functional
42091,functional
43727,functional
46917,functional
26718,functional
3138,non functional
72932,functional
25707,non functional
68580,non functional
25064,functional
7624,non functional
3830,non functional
13458,functional
57377,functional
37294,non functional
39561,functional
23237,functional
72484,non functional
56490,functional
13706,non functional
43035,non functional
14084,functional
55875,functional
17299,functional
1793,functional
70943,functional
65720,functional
49165,functional
18879,functional
3574,non functional
56735,functional
45481,functional
51772,non functional
74095,functional
54000,functional
34834,non functional
50175,functional
35733,functional
6808,non functional
27311,functional
73303,non functional
70335,non functional
2691,functional
12582,functional needs repair
49536,non functional
23715,non functional
45445,functional
52609,functional
35087,functional
42767,functional
24373,functional
32895,non functional
9328,non functional
23275,non functional
20054,non functional
8378,functional
47432,functional
49863,functional
57828,functional
31169,non functional
38382,functional
31205,functional
23528,functional
26507,non functional
67091,non functional
47734,functional
927,functional
48521,functional
16963,functional
48233,functional
58989,non functional
2399,functional
23530,functional
46271,non functional
71726,non functional
23526,non functional
49861,non functional
22619,non functional
41264,non functional
20623,functional
35694,functional
68210,non functional
13446,functional
11321,functional
56312,functional
19533,non functional
7275,functional
48614,functional
65873,non functional
9008,functional
36817,functional
25767,non functional
38460,non functional
16756,functional
13310,functional
36514,functional
57548,functional
2809,functional
70632,functional
17260,functional
27950,functional
40629,non functional
64155,functional
50640,non functional
67355,functional
32132,non functional
70868,functional
45823,non functional
19985,functional
61834,non functional
54171,functional
62763,functional
42408,functional
13151,functional
28311,functional
57775,functional
37603,non functional
56357,non functional
37845,non functional
57177,non functional
12821,functional needs repair
8193,non functional
49031,functional
14011,functional
33708,functional
68898,non functional
37198,non functional
11151,functional
22264,functional
49694,functional
47318,non functional
46108,functional
28297,non functional
36340,functional
26987,non functional
5766,functional
25979,non functional
73021,functional
11908,functional
47496,functional
61777,functional
47591,functional
8968,functional
45656,functional
39630,functional
2786,non functional
958,functional
55843,functional
52074,functional
23422,functional
55802,functional
61634,functional
1625,functional
37398,functional
51011,functional
49595,functional
22486,non functional
22916,functional
45204,non functional
74223,functional
35533,functional
30595,functional
47319,non functional
32555,non functional
9520,non functional
53253,non functional
36436,non functional
15036,functional
23175,functional
41998,functional
19345,non functional
1198,non functional
39848,functional
39278,functional
39844,functional
17332,functional
51287,functional
49514,non functional
64288,functional
41782,functional
54572,functional
68079,functional
68017,non functional
66705,functional needs repair
5274,functional
58230,functional
51010,non functional
46242,functional
1917,functional
9361,non functional
33043,non functional
56633,non functional
57518,functional
51128,non functional
4388,functional
62267,non functional
72473,non functional
70957,functional
35399,functional
33236,functional
73183,functional
52939,functional
66929,non functional
54326,functional
16343,functional
33013,functional
60384,non functional
41074,non functional
71997,functional
35190,functional
3425,functional
4335,functional
7399,functional
46431,functional
40845,functional
27347,non functional
10981,non functional
36447,non functional
67485,functional
11220,functional
45857,non functional
21806,non functional
8771,functional
45535,functional
8671,functional
2252,non functional
58078,non functional
61068,non functional
69204,non functional
28326,non functional
46930,non functional
52104,functional
31732,functional
21584,non functional
17045,functional
14404,functional
34699,functional
39930,non functional
38744,functional
4339,functional
54735,functional
51916,functional
58114,functional
28339,functional needs repair
52048,non functional
66497,non functional
18353,functional
16701,non functional
59499,non functional
66042,non functional
43965,functional
48361,functional
70766,functional
9510,non functional
28586,functional
28521,non functional
18050,functional
73151,non functional
45011,functional
64380,functional
66896,functional
40184,functional
67207,functional
70178,functional
54063,functional
39252,non functional
53773,functional
47931,non functional
44168,non functional
66540,functional
54089,non functional
29244,functional
27525,non functional
58991,functional
18087,functional
67803,functional
48006,functional
11788,functional
16100,functional
16382,functional
21208,functional
8637,functional
67008,non functional
67914,functional
7041,non functional
43181,non functional
26191,non functional
14766,functional
49812,functional
12705,functional
25422,non functional
9399,non functional
4239,functional
49442,functional
32,functional
11443,functional needs repair
15492,functional
63498,functional
12708,non functional
19483,functional
31204,non functional
33445,functional
40820,functional
10279,non functional
46718,non functional
39000,non functional
45897,functional
62154,functional
50034,functional
11853,non functional
40426,functional
41168,functional
58978,non functional
31363,functional
32736,functional
29058,functional
23824,functional
61885,non functional
59187,non functional
73243,functional
62915,functional
1784,functional
65951,functional
20661,functional
55504,functional needs repair
66975,non functional
72057,functional
49331,functional
52682,functional
37859,functional
10460,functional
12407,non functional
69993,functional
13012,functional
70896,non functional
13264,functional
51824,non functional
60216,functional
57481,non functional
3996,functional
24854,functional
43420,functional
70468,non functional
38305,non functional
57179,functional
70388,non functional
67589,functional
69974,functional
8854,functional
71663,functional
69272,functional
49119,non functional
15638,non functional
9086,functional
56422,functional
39106,functional
4515,functional needs repair
48594,non functional
63779,functional
60740,non functional
61242,functional
65001,functional
2601,functional
52456,functional
21873,non functional
25505,non functional
21890,non functional
52336,non functional
57756,functional
45465,non functional
4989,functional
51585,functional
50533,functional
54866,functional
23793,functional
50135,functional
26549,functional
66920,functional
35517,functional
390,functional
13645,functional
39327,non functional
58900,functional
2100,functional
31521,non functional
277,functional
33937,functional
42545,functional
7614,functional
46861,functional
35278,non functional
71773,functional needs repair
52392,non functional
47229,functional
10716,non functional
13923,functional
42206,non functional
965,functional
66646,non functional
17301,functional
21533,functional needs repair
37797,non functional
19241,non functional
15296,non functional
41472,functional
73859,non functional
20153,non functional
71684,functional
8321,functional
68979,functional
48850,functional
64251,functional
3583,functional
33326,functional
8500,functional
67047,functional
24896,functional
39527,functional
3089,functional
66477,functional
24107,functional
7823,functional
32016,functional
35048,non functional
70580,non functional
47503,functional
37357,functional
1195,non functional
52309,non functional
19655,functional
39455,functional
52757,non functional
62729,non functional
24324,non functional
51298,non functional
17127,non functional
28152,functional
14259,non functional
47461,functional
65878,non functional
58913,functional
70035,non functional
37446,non functional
30337,functional
57584,functional
67193,functional
62103,functional
22896,functional
5934,non functional
61722,functional
9299,functional
68558,non functional
51165,functional
8657,functional
54952,functional
53160,functional
17393,functional
33016,functional
25929,non functional
41102,functional
11093,non functional
52744,functional
23484,non functional
13139,functional
55439,functional
41539,functional
47692,non functional
60165,functional
64683,functional
7089,functional
13516,functional
47720,functional
22588,non functional
28580,functional
9075,non functional
25066,non functional
28284,functional
67568,functional
64823,functional
8243,non functional
2556,functional
58746,functional
18288,functional
72822,functional
5178,non functional
66294,functional
14451,functional
48600,functional
27513,functional
36889,functional
663,non functional
10646,non functional
35103,functional
50804,functional
29635,functional
47604,functional
49844,functional
69068,functional
43074,functional
71088,functional
40470,functional
21920,non functional
51415,functional
15480,non functional
21881,functional
7780,functional
24908,functional
53915,functional
54560,functional
15498,functional
20446,functional
5886,non functional
52883,non functional
30892,functional
37432,non functional
42574,functional
61505,non functional
44827,non functional
5951,functional
48991,functional
22821,functional
46478,functional
19831,functional
49317,functional
18472,non functional
58686,non functional
47419,non functional
44921,functional
55024,non functional
28971,non functional
8108,functional
32182,functional
40513,non functional
372,non functional
49297,functional
24407,non functional
44874,functional
25119,functional
3882,non functional
73443,functional
56056,non functional
22035,non functional
46318,functional
20802,functional
41941,non functional
12044,functional
47262,functional
19337,functional needs repair
38688,non functional
45341,non functional
55661,functional
32322,functional
41912,non functional
26136,non functional
13480,functional
62035,functional
50343,non functional
68537,functional
52293,functional
17764,functional
67862,non functional
38933,non functional
68514,non functional
65335,non functional
27469,functional
31290,non functional
72594,functional
2854,functional
19679,non functional
46470,functional
9931,non functional
39214,functional
3982,functional
29633,functional
50872,functional
31969,functional
51280,non functional
63438,non functional
52302,non functional
44486,functional
4641,non functional
47724,functional
4393,functional
54938,functional
66983,non functional
55870,non functional
62561,functional
7975,non functional
9418,non functional
4929,functional
68311,non functional
15225,non functional
51854,functional
40247,functional
37958,functional
19319,functional
27495,functional
20111,functional
33231,functional
44772,functional
53237,functional
23279,non functional
66738,non functional
73053,functional
31190,functional
54820,functional
54173,functional
40904,non functional
43729,functional
63132,functional
65274,functional needs repair
2012,non functional
70647,functional
6067,functional
47835,non functional
14510,non functional
34536,functional needs repair
50168,functional
65018,functional
4960,functional
19291,non functional
11480,non functional
74179,functional
46276,functional
69469,functional
51844,non functional
13340,functional
34046,functional needs repair
72429,non functional
60034,functional
36173,functional
66575,functional
33778,non functional
52807,non functional
37283,non functional
53688,functional
54777,non functional
10363,non functional
42685,functional
29334,functional
17320,functional
7060,non functional
3905,non functional
14607,functional
59091,functional
44927,non functional
59415,functional
59722,functional
49411,functional
40903,non functional
64786,non functional
36207,functional
61178,functional
55377,functional
34300,functional
29483,non functional
58576,non functional
37659,non functional
63873,functional
55723,functional
9950,functional
49680,functional
30329,non functional
64912,functional
21165,non functional
42112,functional
25108,functional
55021,functional
14319,functional
23587,functional
27217,non functional
62333,functional
3284,functional
38299,functional
35668,non functional
10228,functional
67801,non functional
63324,functional
33451,non functional
46306,non functional
37149,functional
29770,non functional
14731,functional
7963,functional
55945,non functional
7645,functional
7244,non functional
40114,functional
37615,functional
54151,non functional
64712,functional
40499,non functional
71171,non functional
20712,functional
20187,functional
12383,non functional
33364,non functional
9646,functional
12201,non functional
1782,non functional
42747,functional
12125,functional
53260,functional
55023,functional
7865,functional needs repair
66269,non functional
45049,functional
4988,functional
17387,non functional
41771,functional
44806,functional
9157,functional
70881,functional
59951,functional
47581,non functional
14986,functional
71499,non functional
32928,non functional
11934,non functional
54065,functional
25479,functional
38302,functional
32973,non functional
52140,functional
51060,functional
33106,non functional
55127,functional
8640,functional
43117,functional
9966,functional
11183,non functional
72250,non functional
50586,functional
48093,functional
37435,functional
9379,non functional
65657,non functional
34535,functional
26262,functional
14458,functional
33972,functional
40238,non functional
70610,functional
47960,non functional
71481,functional
10946,functional
68239,functional needs repair
56314,non functional
20772,non functional
41027,non functional
57639,functional
42841,functional
8016,functional
38349,non functional
68114,non functional
53733,non functional
53513,functional
50420,non functional
31043,functional
11436,functional
66544,functional
66297,functional
9975,functional
21663,non functional
66747,functional
8343,non functional
43675,functional needs repair
12325,functional
27609,functional
70092,functional
4092,non functional
60469,functional needs repair
15869,functional
31689,non functional
40197,non functional
35039,functional
19866,functional
65864,functional needs repair
54111,functional
65616,functional
24954,functional
55924,non functional
48299,functional
51679,non functional
7861,non functional
74037,functional
2367,functional
60329,functional
16467,functional
36876,non functional
42906,non functional
58855,functional
48072,non functional
34861,functional
38446,functional
25076,functional
42010,functional
27880,functional
49961,non functional
32989,non functional
17483,non functional
54815,functional
16359,functional
54840,non functional
6252,functional
46589,non functional
65044,functional
52749,functional
31792,non functional
72814,functional needs repair
19523,functional
32936,non functional
28011,functional
49940,functional
21296,non functional
57692,non functional
60900,functional
69726,functional
4707,functional
5501,non functional
37805,non functional
20466,non functional
915,functional
15844,functional
60509,functional
22552,non functional
47386,non functional
8521,functional
54730,non functional
58417,functional
11731,non functional
40490,non functional
17385,functional
63184,functional
45621,non functional
42679,non functional
64602,functional
33317,non functional
38658,functional
64299,non functional
36030,non functional
18940,functional
45669,functional
19668,functional
44209,functional
73269,functional needs repair
72767,functional
68471,functional
907,non functional
57724,functional
19492,functional
18247,functional
61793,non functional
68182,functional
69769,functional
1580,functional
9327,functional
18330,non functional
9250,functional
29932,non functional
22830,non functional
58200,non functional
30920,functional
9138,functional
50234,non functional
54691,functional
16393,functional
56549,non functional
9832,functional
31881,non functional
12886,functional
58897,functional
830,functional
15950,functional
26265,non functional
46220,non functional
22347,functional
2860,functional
19021,functional
3484,functional
30298,functional
39782,non functional
74005,functional
5674,functional
9381,functional
3895,functional
1673,non functional
29551,functional
41475,non functional
67870,functional
2791,functional
42255,functional
67164,non functional
12440,functional
13193,non functional
60880,functional
71008,functional
67514,functional
34910,functional
383,non functional
23977,non functional
70543,functional
2906,functional
33810,functional
10021,non functional
46730,functional
1663,non functional
2408,functional
72505,functional
65019,non functional
42313,non functional
340,non functional
50285,non functional
3409,functional needs repair
26378,functional needs repair
47552,functional
32262,functional
58637,functional
34827,functional
63294,functional
44867,functional
26751,non functional
66574,functional
39354,functional
21479,functional
57899,non functional
60079,non functional
62070,functional
20628,non functional
11344,functional
62122,functional
51867,functional
51667,functional
16857,non functional
27022,non functional
10438,functional
57755,non functional
22384,functional
3380,functional
41843,functional
35208,functional needs repair
37152,non functional
47925,non functional
43946,functional
2932,functional
11829,non functional
59013,functional
48338,non functional
71276,functional
62998,non functional
6708,non functional
9969,functional
5567,functional
61598,functional
20745,functional
72485,non functional
53890,non functional
62984,functional
56024,functional
64958,functional
36386,functional
12970,functional
63672,functional
1545,functional
68416,non functional
53929,non functional
59291,functional
20931,functional
18781,functional
15430,functional
54042,functional
56896,non functional
2579,functional
65982,non functional
8486,functional
15871,non functional
36433,functional
65239,non functional
42513,functional
63248,functional
2959,functional
64833,functional
54346,functional
12284,non functional
18056,functional
9415,functional
10574,functional
67761,functional
2413,functional
60358,functional
72803,functional
71644,functional
43929,non functional
23370,functional
38121,non functional
71352,functional
26630,functional
72503,functional
36667,non functional
13838,non functional
73762,functional
56917,functional
64901,functional
11878,non functional
11761,functional
22410,functional
29102,functional
36539,non functional
9758,non functional
28981,non functional
56273,functional
35854,non functional
38840,functional
32235,functional
36097,non functional
54661,non functional
61700,non functional
71556,functional
9296,non functional
26823,functional
45401,functional
862,functional
12857,non functional
60984,functional
68476,functional
18299,functional needs repair
48846,functional
6446,non functional
63522,functional
66298,functional
39348,functional
25325,functional
38166,functional
10753,functional
6496,non functional
66416,functional needs repair
47968,functional
30436,non functional
53608,functional
66036,non functional
46595,non functional
18890,non functional
1978,functional
10656,functional
69297,non functional
43482,non functional
43158,functional
18733,functional
27893,functional
72342,functional
37520,functional
11453,functional
39911,non functional
51620,functional
18133,functional
4572,functional
55691,functional
42966,functional
66569,non functional
7200,non functional
53136,functional
25723,non functional
66123,functional
7672,functional
37943,functional
2142,functional
66405,functional
13101,functional
73963,non functional
26444,non functional
19007,functional
71761,non functional
1467,non functional
35518,non functional
32922,functional
43852,functional
29438,functional
56706,functional
39407,functional
58835,functional
43397,functional
9994,functional
7622,non functional
34194,functional
13045,functional
32959,functional
50876,functional
31094,functional
37473,functional
61430,functional
47922,functional
52355,functional
65517,non functional
42861,non functional
59615,non functional
28406,functional
3716,functional
219,functional
2079,functional
3612,functional
50670,functional
33118,non functional
25722,functional
56582,functional
7760,functional
39295,functional
68787,functional
64264,non functional
35160,functional
49452,functional
53668,functional
67380,functional
45974,functional
11062,non functional
27946,non functional
50414,functional
38773,non functional
39624,functional
72477,non functional
61146,functional
22496,functional
39554,non functional
23463,non functional
26384,non functional
42071,non functional
38972,functional
44617,non functional
32282,functional
8586,functional
36903,functional
55556,functional
21436,functional
17030,functional
51806,non functional
44903,non functional
1957,non functional
20102,non functional
39391,functional
10871,functional
67815,functional
19183,functional
17711,functional
59743,functional
11844,functional
40062,non functional
40682,functional
71690,functional
22833,functional
16908,non functional
43496,non functional
62050,non functional
65634,functional
6309,non functional
38784,functional
38329,functional
69029,non functional
25515,non functional
30870,non functional
34228,functional
42698,functional
31674,non functional
2848,functional
52616,functional
28760,functional
1188,functional
13957,functional
20847,functional
39895,functional
44133,functional
47704,functional
68173,functional
40526,functional
26285,non functional
67502,non functional
57809,functional
3915,non functional
69110,functional needs repair
21675,functional
16738,functional
13627,functional
13404,non functional
16649,functional
8572,functional
71169,functional
71519,functional
72287,non functional
19168,functional
25981,functional
33996,non functional
69749,functional
53037,non functional
49611,functional
52353,non functional
71599,functional
29631,functional
54016,functional
71623,non functional
67739,functional
30275,functional
29073,functional
59974,functional
47612,functional
15654,functional
12002,non functional
10489,non functional
49293,functional
23467,functional
6668,functional
6876,non functional
11289,non functional
30283,functional
55091,functional
26166,functional
3449,functional
7498,functional
62730,non functional
68654,non functional
5300,non functional
22742,functional
2653,non functional
71210,functional
24301,non functional
51174,functional
57324,functional
47760,functional
34478,functional
44012,functional
50314,functional
24528,functional
57041,functional
6407,non functional
42635,non functional
73702,functional needs repair
67087,functional
7398,non functional
20430,non functional
60819,functional
59586,functional
49192,functional
39902,functional
52301,non functional
50482,functional
36023,non functional
42509,non functional
42398,functional
56132,functional
37018,functional
33205,functional
57405,non functional
66229,functional
22953,non functional
67348,functional
10496,functional
49208,non functional
29525,functional
51648,non functional
49307,non functional
6408,functional
53899,functional needs repair
46623,functional
12537,functional
1365,non functional
54115,functional
52656,functional
40498,non functional
48970,non functional
56235,functional
36070,functional
63964,functional
32271,functional
15011,functional
38607,functional
39836,non functional
65630,non functional
58295,functional
4210,non functional
3161,functional
21846,functional
28509,functional
20933,functional
20195,non functional
528,functional
55726,functional
39291,non functional
39436,functional
29216,non functional
12682,non functional
48580,functional needs repair
22504,functional
54078,functional
18687,functional
41128,non functional
73213,functional
52967,functional
73043,non functional
23440,functional
51098,non functional
37286,functional
3953,functional
70347,functional
61706,functional
45392,non functional
12844,functional
8890,functional
49091,functional
44085,functional
19625,functional
44799,non functional
36158,functional
36397,functional
13057,functional
5874,functional
9067,non functional
15956,functional
3693,non functional
65220,functional needs repair
31365,functional
60072,functional
45524,functional
536,non functional
21099,non functional
45506,non functional
39120,functional
66657,non functional
20094,functional
20309,functional
49113,non functional
44016,non functional
7210,functional
34555,functional
16088,non functional
25292,functional
60748,non functional
27452,functional
59367,non functional
59662,functional
63833,functional
63706,functional
40887,non functional
3501,functional
20532,functional
1386,functional needs repair
34149,non functional
43398,functional
49223,non functional
58176,non functional
57623,functional
12860,functional
30913,functional
45960,functional
34432,functional needs repair
17486,functional
65669,functional needs repair
37837,functional
73292,non functional
11651,functional
29408,non functional
37866,functional
69690,non functional
53995,functional
53366,non functional
39328,non functional
2320,non functional
67731,functional
57014,non functional
62940,functional
50725,non functional
2855,functional
25922,functional
19440,functional
31206,non functional
2349,non functional
57290,functional
9508,functional
66849,non functional
62431,functional
23245,functional
21360,functional needs repair
44870,non functional
64287,functional
44968,functional
61846,functional
49580,functional
15928,non functional
25900,functional
31819,non functional
48103,non functional
49852,functional
17098,non functional
1767,non functional
33791,functional
60357,non functional
27287,non functional
50174,functional
60161,functional
10484,non functional
33521,non functional
56320,functional
33643,non functional
22899,functional
63343,non functional
29869,functional
41463,functional
23539,functional
2230,functional
26037,functional
375,non functional
39654,non functional
53096,functional
60168,functional
16990,non functional
21007,functional
14315,functional
2177,functional
49269,non functional
4671,functional
44176,functional
40998,non functional
7333,functional
64091,functional
68831,non functional
42058,functional
7902,functional
65022,functional
28086,functional
45360,functional
45083,functional
32905,functional
39259,functional
38013,functional
38895,functional
35123,functional needs repair
7111,non functional
35613,non functional
49983,non functional
7539,functional
70967,non functional
37779,non functional
17732,non functional
40619,non functional
13128,functional
62321,functional
41884,functional
22763,functional
56616,non functional
48446,non functional
59810,functional
15364,functional
28596,functional
16194,functional
63304,functional
18910,non functional
60481,functional needs repair
42567,functional
44374,non functional
1807,functional
51223,functional
15702,non functional
11806,functional
54631,functional
27402,functional needs repair
3372,non functional
64730,functional
17064,functional
26829,functional
9453,functional
67241,functional
73217,functional
66403,non functional
48472,functional
64553,functional
24516,functional
20160,functional
6966,functional needs repair
65057,functional
17269,non functional
11662,functional
27280,functional
39968,non functional
33060,functional
50189,non functional
8863,functional
18527,functional
49700,functional
71248,functional
52907,non functional
7891,non functional
50648,non functional
51640,functional
56160,non functional
61205,functional
37237,functional
39476,functional
12645,functional needs repair
65423,functional
59104,non functional
12613,non functional
20577,functional
32896,functional
22800,functional
15436,functional
28147,non functional
62337,functional
46824,non functional
37508,functional
55768,functional
60117,functional
59651,functional
40212,functional
73448,functional
51073,functional
5001,functional
33581,functional
71443,functional
52469,non functional
56512,non functional
36028,functional
22096,functional
48869,functional
2988,functional
18857,functional
5138,non functional
13512,non functional
20209,functional
48604,non functional
66879,functional
40331,non functional
49860,functional
43322,non functional
13054,functional
51553,functional
10459,non functional
58533,functional
31297,functional
63877,functional
42620,functional
45603,functional
5494,non functional
22161,functional
3807,non functional
9865,functional
23557,functional
48471,functional
13087,functional
67705,functional
31275,functional
66376,functional
29811,functional
47938,functional
60613,functional
13300,non functional
42764,functional
62481,functional
5483,functional
72602,functional
72209,non functional
60017,functional
320,functional
44190,functional
44812,functional
19675,non functional
24619,functional
51059,functional
4253,functional
64624,functional
3451,functional
28982,functional
11328,functional
41177,functional
15005,functional needs repair
42649,non functional
33997,non functional
9917,functional needs repair
55120,functional
59177,functional
17066,non functional
8462,functional
28474,functional needs repair
19611,non functional
53689,functional
69613,functional
40335,functional
21223,functional
48646,functional
58015,functional
56587,functional
47054,non functional
66850,functional
19266,functional
41509,non functional
50766,non functional
14113,non functional
42577,functional
60521,functional
31241,functional
31095,functional
42850,functional needs repair
37852,functional
62257,functional
9974,functional
55266,functional
58758,non functional
28508,functional
4268,functional
29508,functional
51429,functional
58930,non functional
21969,non functional
37997,functional
71748,non functional
3149,functional
74152,functional
60368,functional
16858,functional
37670,non functional
35354,functional
7892,functional needs repair
47875,functional
6277,functional
1223,functional
17318,non functional
9651,functional
889,functional
4613,functional
32108,functional
17178,functional
72309,functional
36341,functional
7495,functional
61011,non functional
31353,functional
12647,functional
50067,non functional
54404,functional
45856,functional
56731,functional
11704,non functional
38790,functional
36015,non functional
2720,functional
40229,functional
43850,non functional
36182,non functional
37563,functional
39146,functional
28766,functional
67633,functional
24922,functional
51987,non functional
52414,functional
21708,non functional
48070,functional
69586,functional
16882,non functional
23894,non functional
18759,non functional
62851,functional
50087,non functional
42665,non functional
11705,functional
24892,non functional
26397,functional
15550,non functional
37931,functional
52844,functional
8024,non functional
40987,non functional
48760,non functional
23575,non functional
10117,functional
10647,non functional
42722,non functional
45067,non functional
60680,non functional
54669,non functional
7919,functional needs repair
58595,functional
2381,non functional
39457,functional
6055,functional
59141,functional
13698,functional
63930,functional
11930,non functional
57875,functional
66958,functional
47427,functional
42025,functional
13019,non functional
10295,functional
1468,functional
64449,functional
35590,functional
66187,non functional
67742,functional
16104,non functional
73801,non functional
63163,functional
60345,functional
39099,non functional
405,functional
58984,non functional
22877,non functional
13783,functional
15148,functional
67707,non functional
570,functional
21674,functional
49827,functional
65611,non functional
48052,functional
59547,functional
39793,functional
27686,functional
53927,functional
54485,functional
11922,functional
34851,non functional
14646,functional
38991,non functional
20155,functional
50328,functional
72786,non functional
61652,functional
10296,functional
9126,non functional
47495,functional
46307,non functional
69138,non functional
74198,non functional
2225,non functional
29754,functional
59626,functional
38715,non functional
33644,functional
42537,functional
6102,functional
22099,functional
73285,functional
30675,functional
45645,functional
10133,functional
31392,functional
53757,functional
69091,non functional
34819,non functional
30233,functional
8541,functional
20185,functional
15100,functional
22154,functional needs repair
65590,functional
21544,functional
33226,functional
37935,functional
4179,non functional
12087,non functional
15163,functional
37300,functional
45039,functional
46519,functional
8850,non functional
7211,functional
72111,non functional
20652,functional
37761,non functional
13869,non functional
20960,non functional
51314,non functional
25560,functional
48880,non functional
33275,non functional
17433,non functional
71960,non functional
70739,non functional
22260,functional
48713,non functional
30294,functional
27185,non functional
21593,functional
32119,non functional
20299,non functional
55818,functional
74137,non functional
46159,functional
59203,non functional
20171,functional
18385,functional
44915,non functional
15941,functional
15865,functional
57598,functional
56036,functional
35251,non functional
31002,functional
3720,functional
63990,functional
7340,functional
68382,non functional
48833,non functional
54309,functional
29274,functional
26159,functional
5756,non functional
65520,non functional
17723,functional
43704,functional needs repair
32284,non functional
26312,non functional
54828,non functional
21386,functional
26077,non functional
54702,non functional
68427,functional
41359,non functional
57912,functional
57126,non functional
21321,non functional
53202,functional
3351,functional
41354,functional
19050,functional
15929,functional
31560,non functional
61696,functional
56022,non functional
48422,non functional
18651,functional needs repair
23414,functional
23653,functional
4003,functional
26311,functional
70408,non functional
42630,functional
64456,functional
66412,functional
39856,functional
54522,functional
10505,functional
31406,functional
28354,functional
2621,functional
55216,functional
40173,non functional
37985,functional
52840,functional
12109,functional
26963,non functional
46197,non functional
22081,functional
46780,functional
2633,functional
56927,functional
59682,functional
38169,non functional
49662,functional
27236,non functional
66648,functional
60179,functional
46608,functional
7912,functional
40483,functional
28335,non functional
64791,functional
970,functional
54743,functional
70993,functional needs repair
46287,functional
27169,non functional
29471,non functional
71476,functional
45420,functional
71980,functional
72862,functional
6168,functional
73489,non functional
67595,functional
37418,functional
23319,functional
379,functional
61286,functional
15933,non functional
55858,functional
60144,non functional
4352,non functional
9905,non functional
27743,functional
35256,functional
35537,functional
25120,functional
43468,functional
53035,functional
69597,non functional
1440,functional
54701,functional
50701,functional
26306,non functional
5101,functional
50562,functional
21381,functional
61186,functional needs repair
10726,non functional
38114,functional needs repair
52810,non functional
20389,non functional
43615,functional needs repair
57068,functional
49109,functional
11086,non functional
73675,functional
12727,non functional
48628,functional
34433,non functional
57340,functional needs repair
46701,functional
35299,functional
41210,functional
49874,functional
13390,non functional
66488,functional
67786,non functional
57646,functional
66031,non functional
32846,functional
55470,functional
45443,functional
33423,functional
12619,functional
15595,non functional
1466,functional
15863,functional needs repair
32073,functional
40460,functional
58265,functional
32882,functional
1177,functional
3506,functional
64670,functional
33300,functional
23616,functional
27071,functional
21045,functional
1122,non functional
71564,functional
27385,non functional
31201,functional
28198,functional
14685,functional
45865,functional
55933,functional
52283,functional
70751,functional
22425,functional
51604,functional
58005,non functional
4919,functional needs repair
17156,functional
59567,functional
65060,functional
49236,non functional
19877,functional
32849,non functional
3570,functional needs repair
38928,functional
59251,functional
72417,functional
48824,non functional
32112,non functional
16199,functional
56100,non functional
72702,functional
23112,non functional
45281,functional
43409,functional
68865,functional
4312,functional
61091,non functional
56976,non functional
46362,non functional
57734,functional needs repair
20544,functional
41379,functional
60327,non functional
1519,functional
29287,functional
34402,functional
9148,functional
64266,functional
73606,non functional
68249,functional needs repair
44003,functional
18466,non functional
54595,functional
68420,functional
46243,non functional
11188,functional
28564,functional
40356,functional
19939,functional
18775,functional
73722,functional
33239,functional
5936,functional
3148,non functional
45326,functional
36943,functional
1238,functional
45455,non functional
5046,functional
50201,functional
51907,functional
20948,functional
48682,non functional
59315,functional
1435,functional
14086,functional
29558,functional
22089,non functional
73400,functional
66429,functional
2755,functional
63796,functional
67737,functional
59762,non functional
25908,functional
35764,functional
70922,non functional
11159,non functional
11628,functional
31960,functional
3847,functional
4196,functional
8702,functional
62753,functional
25848,non functional
28872,functional
43337,functional
67715,functional
28757,functional
25448,functional
23451,non functional
45735,non functional
3976,functional
3137,non functional
61760,functional
63917,non functional
32584,functional
24156,non functional
18854,non functional
14490,functional
58616,functional needs repair
26218,functional
31306,non functional
44316,functional
15527,functional
65289,functional
72855,functional
58418,functional
38097,non functional
28115,non functional
70693,non functional
34833,non functional
72223,non functional
14932,functional
365,functional
409,functional
19309,functional
37604,non functional
24608,non functional
52728,functional
14846,functional
10844,non functional
51340,functional
13814,non functional
41995,non functional
67578,non functional
2135,functional
49843,functional
31987,non functional
6987,functional
54099,functional
7852,non functional
68627,functional
45474,functional
66915,functional
61047,functional
54566,functional
23049,functional
70266,functional
6688,functional
33425,functional
42917,non functional
11032,non functional
69274,functional
32687,functional
58370,functional
8821,functional
30476,functional
48063,functional
71219,non functional
51924,non functional
54852,functional needs repair
55782,non functional
42818,functional
19449,functional
64942,non functional
48996,functional
71646,functional
13612,non functional
27573,functional
12482,functional
43614,functional
49136,functional
33696,functional
73216,functional needs repair
43856,functional
52504,functional
57351,functional
32175,functional
29021,non functional
49095,functional
2196,non functional
54583,non functional
42867,functional
8195,functional
66921,non functional
5379,functional
65155,non functional
26623,non functional
30669,non functional
55877,functional needs repair
31639,non functional
60039,non functional
50105,non functional
66907,functional needs repair
41917,non functional
63463,functional
22131,functional
40052,functional
5166,non functional
1792,non functional
18292,functional
29441,functional
16170,functional
69109,non functional
46345,non functional
53730,functional
3378,functional
38297,functional
1988,functional
19338,non functional
71256,functional
33455,functional needs repair
24928,functional
14448,functional
63962,functional
2808,functional
36265,functional
57164,functional
54766,functional
10445,non functional
69659,non functional
53011,non functional
67787,functional
39504,functional needs repair
1172,functional
47024,functional
2949,functional
48234,functional
74087,functional
36165,non functional
33702,functional
52632,non functional
21263,functional
63912,functional
60849,functional
47683,functional
69834,functional
52115,non functional
42464,functional
33916,functional
8964,functional
42527,functional
23260,non functional
23503,functional
20500,functional
45915,non functional
56204,functional
15876,functional
15320,functional
70031,non functional
43517,functional
39070,non functional
13911,non functional
17202,functional
15186,functional
38292,functional
52651,functional
17781,functional
36073,functional
5447,non functional
24509,functional
52150,functional
33549,non functional
45252,functional
35345,functional
55984,functional
58450,functional
52635,functional
72222,functional
15354,non functional
50371,functional needs repair
21276,functional
47954,non functional
50426,non functional
72165,non functional
72006,functional
39270,non functional
7088,non functional
27791,functional
3326,functional
49956,functional
69402,functional
12562,functional
57337,non functional
37996,functional
15392,non functional
27845,non functional
65984,non functional
61520,non functional
37004,functional needs repair
27595,functional
35322,non functional
54608,functional
66950,non functional
38634,functional
17166,non functional
44746,functional needs repair
67617,functional
46107,functional
55717,functional
29696,non functional
11244,functional
54543,non functional
67082,functional
56337,non functional
49329,functional needs repair
24342,non functional
53135,functional
45167,non functional
37546,functional
14669,non functional
65465,non functional
2361,functional
30282,functional
42167,functional needs repair
26700,functional needs repair
25313,non functional
51656,functional needs repair
69971,functional
8274,non functional
57362,non functional
58447,functional
39276,non functional
39274,non functional
34911,functional
52313,non functional
72697,functional
24979,functional
39628,functional
19172,functional
30232,functional
36349,functional
43470,non functional
10550,functional
44061,functional
37663,functional
8668,functional
35336,functional
39617,functional
55993,functional
18206,functional
59817,functional
73175,functional
32261,functional
44303,non functional
35097,functional
44332,functional
42199,functional
34414,functional
22979,functional
27114,functional
64644,functional
23670,non functional
15355,functional
50882,non functional
44790,functional
63275,functional
39667,non functional
56504,functional
36516,non functional
66885,functional
2593,functional
4175,functional
58117,functional
66046,non functional
49685,non functional
37440,functional
14203,functional
46241,functional
7457,functional
17699,non functional
69662,functional
41698,functional
67535,functional needs repair
59976,non functional
67991,functional needs repair
38437,non functional
70813,non functional
29617,functional
41352,functional
26137,non functional
57433,functional
36068,functional
46960,non functional
57353,functional
33711,non functional
22336,non functional
20558,non functional
50502,functional
31796,functional
3507,functional
55138,functional
17267,non functional
65684,functional
6056,functional
67960,functional
30689,non functional
64105,non functional
18725,functional
42982,functional
67593,functional
27115,non functional
42013,functional needs repair
26143,functional needs repair
31012,functional
58731,functional needs repair
55082,non functional
41363,functional
65008,non functional
26109,functional
71689,functional
50081,functional
19286,functional
14947,functional
66253,functional
18121,functional
16129,functional
42457,functional
13816,functional
11235,functional
16375,non functional
31754,functional
43561,functional
45598,functional
15639,non functional
20686,functional
31983,functional
53771,functional
71019,non functional
44383,functional
20497,functional
48474,functional
68034,functional
27174,functional
70719,functional
27756,non functional
49925,functional needs repair
62114,non functional
28591,functional
37672,functional
5795,functional
57764,functional
33229,functional
17211,functional
43563,functional
1952,non functional
72318,functional
39271,non functional
41833,functional
10851,functional
57434,functional
19876,functional
50411,functional
7400,functional
10772,non functional
23744,functional
50719,functional
64229,functional
47996,functional
37400,functional
28860,functional
54933,functional
65542,functional
71558,functional
13460,functional
14930,functional
39638,functional
36870,functional
58165,functional
33448,non functional
73680,non functional
14750,functional
28637,non functional
67510,functional
36900,functional
28817,functional
29579,functional
66052,non functional
67084,functional
27055,functional
43822,functional
63643,functional
35755,functional
22463,non functional
62338,functional
12912,functional
9263,functional
37864,non functional
49866,non functional
38448,non functional
5197,functional
35791,functional
30116,functional
9003,non functional
57785,functional
58440,functional
12069,functional
71238,functional
67532,functional
45521,non functional
12311,functional
1724,functional
71065,functional
58386,non functional
63208,non functional
36384,non functional
1512,non functional
5326,non functional
12884,non functional
44202,functional
15004,non functional
1832,functional
66485,functional
17447,functional
26268,functional
6030,functional
71768,functional
19175,functional
3936,functional
44056,functional
65414,functional
17562,functional
18976,functional
71332,functional needs repair
37756,functional
13423,functional
27062,non functional
13306,functional
72344,functional
50638,functional
40548,non functional
24486,non functional
23351,functional
29970,functional needs repair
56768,functional
62006,non functional
23627,non functional
3990,functional
36816,functional needs repair
37367,non functional
69640,functional
19420,functional needs repair
74218,non functional
20454,functional
23589,non functional
11742,non functional
2978,functional
26668,non functional
66767,functional
30832,functional
36463,functional
12076,non functional
31574,functional
12471,functional
25171,functional
54875,non functional
51475,non functional
70680,functional
14230,functional
62315,functional
48802,non functional
37452,functional
29076,non functional
7608,non functional
17480,functional
34529,functional
4560,functional
70820,functional
45010,functional needs repair
39636,non functional
39440,functional
53389,functional
24337,functional
46136,functional
44059,non functional
15385,functional
3492,functional
3517,functional
14608,non functional
73831,functional
4033,functional
38690,functional
44933,functional needs repair
48847,functional
3724,non functional
6655,functional
2540,functional
38557,functional
69447,functional
25195,non functional
69193,functional
50036,functional
59105,functional
72744,functional
40423,non functional
1265,functional
54950,non functional
10683,non functional
48758,functional
48213,non functional
73119,functional
38419,functional
58281,functional
54170,functional
13103,functional needs repair
7695,functional needs repair
26859,functional
16197,functional
46654,non functional
46033,functional
69338,functional
24076,functional
60671,functional
65823,non functional
41610,functional
62955,functional
39290,non functional
60234,functional
29132,non functional
47696,functional
12779,functional needs repair
65903,functional needs repair
58035,functional
70100,functional
54936,non functional
43073,non functional
61876,non functional
60317,functional
33653,functional needs repair
42389,functional
24769,functional
40854,non functional
1714,non functional
27708,non functional
41753,non functional
65273,non functional
13488,functional
55654,non functional
2939,non functional
70353,functional
799,non functional
2493,non functional
14850,functional
17235,functional
69626,functional needs repair
24256,non functional
35505,functional
63395,non functional
46971,functional
4422,non functional
45199,non functional
24104,functional
37598,functional
29507,functional
19752,functional
50424,non functional
69426,non functional
46486,non functional
52356,functional
44877,functional
9857,non functional
55808,non functional
32347,functional
22350,non functional
23139,non functional
68301,functional needs repair
8480,functional
30759,non functional
14760,non functional
30079,functional
56176,functional
21422,functional
53075,functional
13785,non functional
27588,functional
37540,non functional
10876,functional
21129,non functional
18305,functional
24716,functional
28634,non functional
56639,non functional
12863,functional
13347,non functional
23443,non functional
9922,non functional
1712,functional
24463,non functional
56329,non functional
90,non functional
37085,functional
64035,non functional
46817,functional
44622,non functional
66165,functional
67100,functional
11305,functional
31722,non functional
39493,functional
38574,functional
62742,non functional
11709,functional
34902,functional
18861,non functional
71735,functional
38399,non functional
12378,functional
25889,functional needs repair
30615,non functional
40822,non functional
57971,non functional
72663,non functional
1005,functional
62019,functional
25482,functional
56928,functional
68252,functional
63578,functional
42879,functional
61919,functional
51846,non functional
1313,functional
74209,functional
24153,functional
64834,non functional
25681,functional
9028,non functional
9555,functional
22192,non functional
6080,non functional
19760,functional
11589,non functional
53679,functional
38562,non functional
58660,functional
13251,non functional
69841,functional
3951,functional
55977,functional needs repair
71323,functional
8017,non functional
68061,functional
73093,functional
19366,functional
13186,functional
8629,non functional
22555,functional
56729,functional
60115,functional
50647,non functional
25323,functional
2005,functional
32590,functional
55888,non functional
31894,functional
8341,functional
71668,functional
4461,functional needs repair
55536,non functional
49233,functional
36262,functional
53150,functional
12816,functional
47244,functional
37620,functional
46446,non functional
36994,non functional
2387,functional
29562,non functional
11172,functional
37239,functional
33981,non functional
62693,functional
14386,non functional
6162,functional
52573,functional
8414,non functional
63739,functional
36413,functional
27992,non functional
45650,non functional
63193,functional
69151,functional
26650,functional
51900,functional
16403,functional
61742,non functional
33525,functional
32499,non functional
60050,functional
1543,non functional
26049,functional
1211,functional
63008,functional
19786,functional
63010,functional
56542,non functional
1149,functional
32642,non functional
24548,functional
31159,functional
65746,functional
54389,non functional
53619,functional
37712,functional needs repair
45351,non functional
18234,functional
63045,functional
45051,functional
43010,functional
53532,functional
45670,non functional
16810,non functional
63253,functional
55110,non functional
42752,functional
37309,functional
22788,functional
62318,functional
71262,non functional
73283,non functional
16749,functional
65949,functional
1653,non functional
42059,non functional
50906,non functional
40190,non functional
50336,functional
12020,non functional
56644,non functional
50949,functional
39756,functional
62917,non functional
34076,functional
36307,functional
50754,functional
54767,non functional
35685,functional
68667,functional
58714,functional
14418,functional
7914,non functional
31467,functional
21916,non functional
6396,functional
56228,non functional
1458,functional
56149,functional
62306,non functional
5143,functional
37213,functional needs repair
34595,functional
15981,non functional
19238,functional
54463,functional
53349,non functional
4696,non functional
54663,functional
16949,functional
40895,non functional
42250,functional
9675,functional
50382,functional
15115,non functional
73775,functional
2027,non functional
11694,non functional
67934,non functional
56923,non functional
44371,functional
7978,functional
40196,functional needs repair
60758,functional
56308,functional
27273,non functional
16086,functional
33285,functional
63940,functional
19839,functional
48337,functional
13562,functional
8778,non functional
37983,functional
71991,non functional
52554,functional
7974,non functional
26466,functional needs repair
2966,functional
15435,functional
65411,non functional
14473,non functional
49383,non functional
63681,non functional
55898,non functional
10879,functional
8011,functional
43388,functional
26423,functional needs repair
19940,functional
59374,functional
51191,non functional
46502,non functional
18839,functional
71868,functional
23402,functional
57843,functional
32984,functional
21559,functional needs repair
66613,functional
25631,non functional
23823,functional
55223,non functional
61902,functional
16845,non functional
23676,non functional
31662,functional
8450,functional needs repair
24733,functional
49198,functional
71291,functional
19277,non functional
38710,functional
35699,functional
51114,functional
13971,functional
7134,functional
50889,functional
63777,functional
49784,functional
70711,functional
45908,functional
8801,non functional
34120,functional
46118,functional
14711,non functional
61699,functional
10762,non functional
70271,functional
68793,functional
62419,functional needs repair
7293,functional
23856,non functional
41292,functional needs repair
11648,functional
58421,functional
24709,functional
43869,non functional
5527,functional
45462,functional
63012,functional
70191,functional
66194,non functional
59349,non functional
44031,functional
27596,functional
67690,functional
14339,non functional
34429,functional
50923,functional
42973,non functional
12372,functional
32998,functional
48183,functional
20178,non functional
6213,non functional
40520,functional
19532,non functional
41083,functional
50349,functional
44540,functional needs repair
10,functional
9864,functional
72487,functional
68186,non functional
69949,functional needs repair
20191,functional
23621,functional
50360,functional
19567,functional
37692,functional
72519,functional
15829,functional
35490,functional needs repair
70196,functional
69975,functional
74118,functional
43080,functional
70998,non functional
13035,functional
54117,functional
26186,functional
6242,non functional
36549,functional
16302,non functional
37568,non functional
42094,non functional
27979,functional
42768,non functional
51644,functional
30297,functional
46805,functional
24934,functional
61215,functional
45916,non functional
49783,non functional
23980,functional
29910,functional
28396,functional
63785,functional
36788,functional needs repair
16528,functional
7713,non functional
72843,non functional
58683,non functional
66555,non functional
51012,non functional
26955,functional
51886,functional
12119,functional
27189,non functional
3719,non functional
895,functional
67830,functional
51242,non functional
52440,non functional
26426,functional
73153,functional
51205,non functional
30033,non functional
28124,non functional
38541,non functional
72,non functional
39772,non functional
65316,functional
22676,functional
31294,non functional
45076,functional
67709,functional
33112,non functional
28183,functional
8497,non functional
29430,functional
61752,functional
19422,functional
16903,functional needs repair
963,functional
68008,functional
44308,non functional
39294,functional needs repair
18719,non functional
63516,functional
32704,functional
67468,non functional
34061,functional
71974,functional
59132,non functional
60460,functional
48699,functional
68015,functional
57801,functional
16954,functional needs repair
5156,non functional
58803,functional
40126,non functional
46598,functional
31818,functional
53429,functional
31155,functional
45435,non functional
62699,functional
7233,non functional
25166,functional
26892,functional
57374,non functional
14044,functional
45100,functional
63407,functional
49087,non functional
2876,functional
8510,functional
1163,functional
38903,functional
15342,non functional
59381,functional
38372,functional
16605,functional
10414,functional needs repair
55852,functional
19824,functional
4276,functional
73325,non functional
58981,non functional
28050,non functional
47842,functional
36471,non functional
42072,non functional
45613,non functional
15744,non functional
8106,non functional
22460,non functional
20063,non functional
59768,functional
63293,non functional
141,functional
6542,non functional
15262,functional
4943,non functional
9111,non functional
50030,functional
6944,non functional
61772,functional
48494,non functional
26934,functional
34040,functional
61608,non functional
69176,functional
64849,non functional
19983,functional
64985,functional needs repair
29425,non functional
12881,functional
38052,non functional
29895,non functional
6333,functional
7135,functional
13044,non functional
24832,non functional
12883,functional
66043,non functional
66724,functional
2043,functional
64545,functional
45525,non functional
16304,functional
18548,functional
33577,functional
21813,functional
23524,functional
9174,functional
31827,functional
647,functional
70475,functional
14957,functional needs repair
65749,functional needs repair
47711,non functional
23988,functional
9321,non functional
67072,functional
40945,functional
63507,functional
28438,non functional
37265,functional needs repair
65696,functional
3861,functional
68208,non functional
46929,functional
64228,non functional
37816,non functional
31809,non functional
18040,functional
8950,non functional
56229,functional
11859,non functional
31759,non functional
37125,functional
21961,functional
56601,non functional
61269,functional
33277,non functional
51021,non functional
54626,non functional
19903,non functional
36017,functional
26830,non functional
57331,non functional
34553,functional
59843,non functional
57575,non functional
11335,non functional
13145,non functional
42121,functional
16940,functional
37477,functional
22727,non functional
63598,functional
44353,non functional
53658,functional
19737,non functional
19990,non functional
5237,functional
62222,non functional
12902,non functional
44967,functional
7937,non functional
32948,functional
55259,non functional
43985,functional
46924,functional
15678,functional
69815,functional
25269,functional
25972,non functional
48697,functional
10525,functional
59333,functional
55988,functional
3949,non functional
61964,non functional
155,functional
35257,functional
43066,functional
48024,non functional
51224,functional
44891,non functional
55407,functional
71866,functional
9734,functional
32113,functional
69770,non functional
18286,functional
63378,non functional
38560,functional
35790,non functional
14852,non functional
14114,functional
61376,functional
34424,functional
13461,non functional
47223,functional
71048,non functional
1781,functional
73317,non functional
58146,non functional
73438,non functional
1822,non functional
53257,functional
56453,non functional
685,functional
44528,functional
29939,non functional
21714,non functional
37257,functional
49549,non functional
8173,non functional
36382,non functional
28869,functional
71500,functional
41699,non functional
63260,functional
64859,functional
5443,functional
4737,functional
47808,non functional
992,functional
55002,non functional
32467,functional
42660,functional
68458,functional
21711,functional
27953,non functional
20344,non functional
36260,functional
12702,non functional
21463,functional
66013,functional
28849,non functional
67257,non functional
63384,functional
71802,non functional
60610,functional
31707,functional
39316,functional
43625,functional
26101,functional
7883,functional
64769,functional
39463,functional
74181,functional
73897,non functional
74153,non functional
33704,functional
17126,functional
47447,functional
51247,non functional
67533,functional
6533,functional
14468,functional
71872,non functional
22342,functional
4559,functional
26044,non functional
12750,non functional
27398,functional
28874,functional needs repair
71495,functional
37808,functional
29509,non functional
15775,non functional
16117,functional
61746,functional
3784,functional
61903,non functional
8142,non functional
26610,functional
11203,non functional
67195,functional
39860,functional
47437,functional
12399,functional
40888,non functional
63657,non functional
70866,non functional
63182,non functional
34916,functional
37248,non functional
48590,non functional
68360,functional
53358,functional needs repair
69464,functional
24090,non functional
17158,functional
48134,non functional
31991,non functional
30548,non functional
59607,non functional
68062,non functional
72158,non functional
33210,functional
51434,non functional
25649,functional
48561,functional
43678,non functional
1887,functional
37609,functional
12670,functional
20612,functional
51496,functional needs repair
51516,functional
64631,functional
61247,functional
2753,non functional
10603,functional
30964,functional
64158,non functional
27013,functional
34866,non functional
57067,functional
48499,functional
27399,non functional
47334,functional
46672,functional
17559,non functional
629,non functional
36620,functional
59794,functional
6048,functional
34798,functional
46450,functional
39612,functional
24083,functional
56047,functional
5456,functional
67961,non functional
48719,functional
68999,non functional
71751,non functional
7084,functional
12644,functional
42842,functional
57583,functional
18171,non functional
5316,non functional
18945,functional
19707,functional
70734,functional
11280,functional
69969,functional
10345,non functional
69992,non functional
13378,functional
60813,non functional
24517,functional
67270,non functional
35400,functional needs repair
13712,non functional
53254,functional
68340,functional
68714,functional
18944,functional
52114,functional
17597,functional
60847,functional
34757,functional
39539,non functional
16799,functional
68112,non functional
52118,functional
20660,functional
65885,non functional
21520,functional
31114,non functional
22708,non functional
52296,non functional
71498,functional
57034,non functional
71733,functional
31417,functional
29958,functional
60931,functional
50205,functional
71233,non functional
22586,functional
53543,functional
40813,non functional
35850,non functional
27728,non functional
67323,functional
55713,non functional
893,functional
28002,functional
31475,non functional
36465,non functional
63198,functional
32935,non functional
27989,non functional
45955,non functional
31925,non functional
4217,functional
55178,functional
16277,functional
42198,functional
67792,non functional
5026,functional
15902,non functional
62846,non functional
63063,functional
52959,functional
51817,non functional
43049,non functional
1721,functional
23655,functional
50177,functional
68410,non functional
47820,functional
23638,non functional
52868,non functional
43194,functional
54800,non functional
53596,non functional
44296,functional
62012,non functional
10798,non functional
65548,functional
31089,functional
73977,functional
28997,functional
37767,functional
73118,functional
21130,functional
24449,functional
33856,functional needs repair
44712,functional
61179,functional
63580,functional
56465,non functional
43171,functional
807,functional
20734,functional
28158,functional
56363,non functional
25537,non functional
66977,functional
9326,functional
72109,functional
35835,functional
8315,functional
36836,non functional
28577,functional
29624,functional
47343,functional
53401,non functional
37014,functional
66226,functional
49776,non functional
56931,non functional
32462,non functional
7515,functional needs repair
73360,functional
36248,non functional
3703,functional
8812,functional
52186,non functional
10027,non functional
33735,functional
6647,functional
36752,non functional
70605,non functional
69208,functional
36961,non functional
2723,functional
28460,functional
66744,functional
69098,functional
26020,non functional
18906,non functional
12740,functional
52397,non functional
2150,non functional
16504,non functional
1499,non functional
56965,functional
4261,functional
57140,functional
26347,functional
69863,functional
59024,functional
29550,functional
61105,non functional
48539,non functional
54504,functional
63512,functional
34868,functional
8320,functional
10202,non functional
25264,non functional
13089,functional
60120,non functional
64567,functional
1554,functional
71781,functional needs repair
1670,functional
56256,non functional
34671,functional
51177,functional
44188,functional
6749,functional
20227,functional
26170,functional
24172,functional
32509,functional
72369,non functional
67946,non functional
38173,functional
50822,functional
30825,functional needs repair
34789,non functional
54878,functional
25800,non functional
9048,non functional
7562,functional
10022,functional
63044,functional
59539,functional
35448,functional
6452,non functional
4384,functional
50032,functional
21930,functional
41920,functional
14831,non functional
6098,functional
34115,functional
72003,non functional
36604,functional
12107,functional
24493,functional
16531,non functional
15285,functional
20368,non functional
7701,functional
30373,functional
2477,non functional
43670,functional needs repair
8625,functional
67852,functional
39451,functional
5075,non functional
46767,functional
49351,functional
56383,functional
22440,non functional
69629,functional
32730,functional
4263,functional
49706,functional
55186,functional
34098,functional
5696,functional
39202,functional
58401,functional
8876,functional
59709,functional
69319,functional
55657,non functional
39297,functional
19108,functional
17955,functional
23447,non functional
23933,functional
64327,functional
48534,functional
27275,non functional
44938,functional
54383,non functional
23395,functional needs repair
40059,functional
37574,functional
35014,functional
70292,functional
14696,functional
68206,functional
53852,non functional
49737,functional
57612,functional
14716,non functional
25789,non functional
22947,non functional
42080,functional
37336,functional
309,functional
29925,functional needs repair
53896,functional
36690,functional needs repair
66815,functional
14684,non functional
67935,functional
48724,functional
60341,functional
33720,functional
6820,functional
15885,functional
40080,non functional
34738,functional needs repair
51308,non functional
21718,functional
4969,functional
28561,non functional
32841,functional needs repair
50452,functional
27481,non functional
7734,non functional
4073,functional
4979,functional
21178,functional
29342,functional
56098,functional
64335,non functional
20553,non functional
39829,functional
68068,functional
65422,functional needs repair
27612,functional
46831,functional
69275,functional
35309,functional
54588,functional
44245,functional
1814,non functional
32001,non functional
5051,non functional
36777,non functional
23967,functional
60695,non functional
35148,non functional
12738,functional
71944,functional
34997,non functional
52598,functional
36749,functional
45600,functional
66990,functional
18921,functional
37356,non functional
58,non functional
2782,functional
3121,non functional
68176,non functional
63904,functional
31712,functional
64884,functional
72931,functional needs repair
13671,functional
40406,functional
55418,non functional
17463,non functional
5389,functional
65507,non functional
43276,functional
41495,non functional
69853,functional
5371,functional
26511,non functional
69359,functional
26150,functional
39377,functional
57930,non functional
16562,functional
61531,non functional
22439,functional
2999,functional
16841,non functional
60305,functional
60381,non functional
10455,non functional
27098,functional
2371,functional
41127,functional
28373,non functional
45393,functional
67071,functional
49869,functional
22351,functional
34038,functional
44723,non functional
60154,functional
1942,functional
10257,functional
12205,functional
55314,non functional
23061,functional
55893,functional
48904,non functional
4546,functional
39558,non functional
49653,non functional
39155,non functional
13072,functional
12106,functional
4207,non functional
24327,functional
49540,functional
41080,functional needs repair
6189,non functional
32663,functional
64314,functional
39791,non functional
57167,functional
11825,functional needs repair
42656,non functional
54607,functional
45579,non functional
46932,non functional
22209,non functional
32015,functional
40793,functional
39981,functional
49713,non functional
55534,non functional
7783,non functional
55098,functional
43479,functional
53743,non functional
23114,functional
56530,non functional
16656,functional
54755,functional
45264,non functional
28254,functional
14881,non functional
72509,non functional
30918,functional
22375,non functional
38421,functional
58294,functional
22382,functional
22123,non functional
65169,functional
54001,functional
15617,functional
66813,non functional
49733,non functional
8032,functional
43522,functional
20920,non functional
30176,functional
40600,non functional
52695,non functional
24915,functional
62297,functional
37005,non functional
22349,non functional
47685,functional needs repair
61162,functional
9722,functional
42191,functional
1591,functional
1749,non functional
5328,functional
21706,non functional
72641,functional
36576,functional needs repair
29593,non functional
29747,non functional
24722,functional
2589,functional
12772,non functional
45968,non functional
7694,functional
70721,functional
54752,functional
15631,functional
15196,functional
27491,functional
58886,non functional
11452,functional
68595,functional
17010,functional
32389,functional
70251,non functional
61037,functional
28646,functional
64279,functional
23914,functional
17854,functional
15790,functional
41259,non functional
57303,functional
65477,functional
36115,non functional
5024,non functional
26401,functional needs repair
50503,non functional
37724,functional
62604,non functional
60534,functional
59230,functional
70007,non functional
44320,functional
44300,functional
41079,functional
36488,functional
46936,non functional
51117,non functional
21611,non functional
55628,non functional
70627,non functional
56387,functional
64164,non functional
211,non functional
37448,functional
43859,functional
55991,functional
67415,functional
4815,non functional
68895,functional
7529,functional
42134,functional
25759,non functional
46155,functional
46770,functional
40396,functional
10161,functional
68598,functional
65668,non functional
20689,non functional
56474,non functional
35602,functional
21596,functional
10972,functional
34504,non functional
26729,functional needs repair
33566,functional
60252,functional
44621,non functional
7735,non functional
71771,non functional
54855,non functional
53293,functional
20396,functional
46415,non functional
26014,non functional
13069,functional
12438,non functional
29991,functional
55410,functional
57016,non functional
30747,non functional
17037,functional
66182,functional
59989,functional
57515,functional
30252,non functional
68035,non functional
5458,functional
26151,non functional
59485,non functional
43995,functional
18700,non functional
60209,functional
33950,non functional
5031,functional needs repair
69205,functional
71438,functional
29381,non functional
53476,functional
59701,non functional
25204,non functional
59623,functional
4256,non functional
71737,functional
56498,non functional
15268,functional
4932,non functional
68591,functional
30743,functional
32203,functional
66855,non functional
56575,non functional
66689,non functional
26201,functional
62446,functional
68896,functional
4285,functional
58304,functional
1090,non functional
56425,functional
5448,non functional
58864,functional
3294,functional
59793,functional
22124,functional
29314,functional
48488,non functional
45616,non functional
61676,functional
70593,functional
44518,non functional
71455,functional
15000,functional
61442,functional
15983,non functional
37233,functional
22220,non functional
31231,functional
1795,functional
34190,functional
7104,non functional
71818,non functional
13527,functional
20332,non functional
16943,functional
43641,non functional
42880,functional
47758,functional
62580,functional
45459,functional
46129,non functional
27706,non functional
70080,functional
28446,functional
6610,functional
3554,functional
4691,non functional
19103,functional
27372,functional
3735,non functional
57310,functional
23690,functional
16483,functional
30119,functional
57721,functional
50631,functional
71776,functional
40418,non functional
8683,functional
24816,functional
31418,non functional
61889,functional
54922,functional
66417,non functional
41927,non functional
61208,functional
33786,non functional
66677,functional
48550,functional
23063,functional
27690,non functional
48021,functional needs repair
44126,non functional
13873,functional
49418,functional
30356,non functional
48082,non functional
72114,functional
7421,functional
22275,non functional
24609,functional
27332,functional
20951,functional
33633,non functional
26713,functional
40360,functional
11383,non functional
43349,functional
28954,functional
36421,non functional
2116,non functional
54232,non functional
37376,functional
24479,functional
28364,functional
26169,non functional
6752,functional
50594,functional
50856,functional needs repair
22568,functional
17831,functional
20238,non functional
59665,functional
36675,functional
59115,functional
46658,functional
47812,non functional
60337,non functional
5925,non functional
31724,non functional
18356,functional
1949,functional
2167,functional
53020,functional
24037,functional
35004,functional
8176,functional
62817,functional
44223,functional
48211,functional
72329,functional
65035,functional
9044,functional
3890,functional
51633,non functional
54844,functional
33149,functional
40421,non functional
27362,functional
66893,functional
31148,non functional
3362,non functional
51273,non functional
2769,functional
31711,functional
31865,functional
30803,functional
8755,non functional
48751,functional needs repair
45069,functional
35483,non functional
10863,functional
46944,functional
17175,functional
63331,functional
33245,functional
47058,functional
31091,functional
21102,functional
15897,functional
60918,functional
15964,functional
63592,functional
48162,non functional
55336,functional
23352,non functional
6273,functional
21356,functional
5093,functional
13518,functional
63302,functional
67702,functional
42060,non functional
34084,non functional
39302,functional
43093,non functional
6677,functional
60475,functional
58084,functional
27102,non functional
49393,functional
32029,functional
2534,functional
29386,functional
72884,non functional
49553,functional
37640,functional
52508,functional
34229,functional
26645,functional
72591,functional
19022,non functional
6843,functional
58105,non functional
27222,non functional
12353,functional
13469,non functional
65600,functional needs repair
66340,non functional
20533,non functional
2638,non functional
41245,functional
43236,non functional
61688,functional
19508,non functional
8407,functional
71177,non functional
4740,functional
47394,functional
20283,non functional
13542,non functional
32220,non functional
50079,functional
7409,non functional
67526,non functional
65825,functional
65748,functional
12304,non functional
16886,functional
62540,non functional
38544,functional
36281,functional
54460,functional
33503,functional
7085,non functional
31584,non functional
57994,functional needs repair
24268,functional
32295,functional
56790,non functional
37155,non functional
9050,non functional
10367,functional
41842,non functional
43939,non functional
52426,functional
47664,non functional
20760,non functional
10490,non functional
22461,functional
16069,functional
47408,functional
48598,functional
34799,non functional
43548,non functional
63173,non functional
9774,non functional
5586,non functional
51441,non functional
29407,non functional
14925,functional needs repair
7545,non functional
59994,functional
41183,functional
21300,functional
11250,non functional
20863,functional
59895,non functional
48954,functional
73416,functional
15152,functional
23013,functional
70529,non functional
17961,functional
2498,non functional
72551,non functional
61577,functional
911,non functional
41945,non functional
23227,functional
35464,non functional
40170,functional
25137,functional
17958,functional
42310,non functional
24925,non functional
16288,functional
22892,functional
53395,functional
71225,non functional
66085,non functional
7992,functional
26488,functional
29089,functional
57488,non functional
42568,non functional
62342,non functional
6042,non functional
55931,functional
50120,functional
14780,functional
65623,functional
17926,functional
21498,functional
18899,non functional
25993,functional
72535,functional
51289,functional
27104,non functional
30354,functional
54408,functional
25350,non functional
36398,functional
67096,non functional
47684,non functional
73219,functional
49739,non functional
110,non functional
40616,non functional
3350,non functional
68614,functional
2016,non functional
44757,functional
48832,functional
5270,non functional
2801,functional
41269,functional
19326,functional
34202,non functional
42911,non functional
22262,functional
15408,functional
50064,functional
60181,functional
69782,non functional
57210,functional
62568,functional
73904,non functional
38504,functional
16951,functional
11940,non functional
45124,functional
41573,functional
68579,non functional
3805,non functional
62667,functional
36172,functional
53569,non functional
28618,non functional
19459,functional
3664,functional
19947,functional
31071,functional
55861,functional
38218,non functional
39255,functional needs repair
51942,functional needs repair
50790,functional
17930,non functional
698,non functional
21774,functional
11529,non functional
38015,functional
53402,functional
55762,non functional
4298,functional
31356,functional
20177,functional
51598,functional
64420,functional
26881,non functional
63444,functional
38567,non functional
11257,non functional
68124,functional
14944,functional
50281,functional
48627,functional
470,functional needs repair
15407,non functional
45543,non functional
56078,non functional
31388,functional
7246,functional
33908,functional needs repair
13710,non functional
16404,non functional
24105,non functional
19610,functional
4411,non functional
6982,non functional
20296,non functional
24643,non functional
38334,functional needs repair
48315,non functional
50851,functional
41147,functional
1514,functional
29844,non functional
25169,functional
72723,functional
10136,non functional
59605,non functional
56356,non functional
53971,functional
68077,non functional
27737,functional
37311,non functional
44229,functional
69141,functional
41340,functional
12100,non functional
61502,functional
21189,functional
14063,functional
55070,functional
49559,non functional
33842,functional
4130,non functional
7818,functional needs repair
72361,non functional
64742,non functional
61231,functional
53261,non functional
58156,functional
42102,functional
31210,functional
69881,functional
71904,functional
1215,functional
58848,functional
6857,functional
65644,non functional
14807,non functional
73199,non functional
60173,functional
53803,functional
38979,non functional
23825,functional
40376,functional
6132,non functional
8903,functional
5779,non functional
60441,functional
46075,non functional
30392,functional
41801,functional
47412,functional needs repair
29654,functional
32394,functional
56666,functional
69076,functional
35188,functional
34273,functional
13381,functional
36639,non functional
37876,functional
34566,non functional
62432,non functional
60288,functional
16011,functional
35758,functional
46456,functional
19936,functional
54818,functional
61822,functional
37824,non functional
71017,functional
30698,functional
66683,functional
43384,non functional
22428,non functional
62652,non functional
10643,functional
51461,functional
25245,functional
39179,non functional
12703,functional
69265,non functional
30517,functional
27715,functional
1504,functional
41032,non functional
39742,functional
57079,functional
41477,non functional
37456,non functional
48056,functional
63113,functional
72360,functional
7551,functional
19322,functional
499,functional
33431,non functional
6906,functional
68701,functional
4871,functional
39458,functional
57011,non functional
64178,non functional
15246,non functional
50480,functional
68413,functional
8121,non functional
31057,functional
42490,functional
30664,functional
14394,non functional
4509,non functional
26561,non functional
9565,non functional
66460,functional needs repair
29764,non functional
6138,functional
54470,non functional
10548,non functional
1256,functional
5867,non functional
13930,functional
46273,non functional
69947,functional
31805,functional
522,non functional
36310,functional
47096,functional
11048,functional
9469,functional
35945,functional
61346,non functional
31897,non functional
52291,functional
72256,non functional
1291,functional
55682,non functional
20974,functional
10315,non functional
20699,non functional
12157,functional
25750,functional
56563,functional
59935,non functional
11608,functional
37509,functional needs repair
70547,functional
66064,non functional
64905,non functional
16523,non functional
30701,functional
64533,functional
57607,functional
21781,functional
41554,functional
56419,functional
16991,functional
68549,functional
58628,functional
69701,functional
31191,functional
69347,non functional
59209,functional
67918,functional
8061,non functional
9841,non functional
63310,functional
65350,functional
7606,functional
44982,functional
18683,functional
22239,functional
13696,functional
63396,functional
62899,functional
5394,non functional
10986,functional
59594,non functional
39182,non functional
59577,functional
67854,functional
30071,non functional
71403,functional
17965,functional
65452,non functional
64723,functional
31752,functional
8795,functional
66556,non functional
22598,functional
18378,functional
11939,functional
34346,functional
66548,functional
61197,functional
8672,functional
29283,functional
47333,functional needs repair
3225,functional needs repair
51152,functional
61277,functional
45438,functional
2166,non functional
35456,functional
56027,functional
19698,non functional
51033,non functional
58323,functional
34236,non functional
37071,functional
58591,functional
47868,functional
8112,functional needs repair
44275,functional
39331,non functional
50046,non functional
44980,functional
38007,functional
23789,functional
68862,functional
22079,functional
54985,functional
49959,non functional
18380,functional
60583,functional
33497,non functional
43490,functional
8807,functional
5747,non functional
52709,functional
43612,non functional
17914,non functional
13399,non functional
67798,non functional
22412,functional
14586,functional
35573,non functional
57894,functional
46208,non functional
39006,non functional
38238,non functional
34634,functional
57416,functional
55916,functional
12828,non functional
57643,functional
44684,non functional
33002,functional
52177,functional
14719,functional
21400,functional
4201,non functional
19517,functional
20607,functional
3932,functional
3481,functional
21181,functional
14888,non functional
37744,non functional
59540,functional
35488,functional needs repair
43842,non functional
13433,non functional
63071,non functional
72521,non functional
40848,non functional
49705,non functional
51192,non functional
5217,functional
49051,functional
57482,functional
47095,non functional
59635,non functional
15497,non functional
24011,non functional
5577,functional
39850,functional
64109,functional
64474,non functional
12837,non functional
46738,functional
30574,non functional
34210,non functional
35436,functional
26739,functional
7241,non functional
3353,functional
60625,non functional
21867,non functional
28436,functional
36486,functional
13432,functional
46602,functional
34097,functional
16828,non functional
36742,functional
71633,functional
71052,functional
27476,functional
14966,functional
8531,functional
16018,functional
70095,functional
31557,functional needs repair
43472,functional
50305,functional
25706,non functional
22292,functional
71416,non functional
3190,functional
52905,functional
27084,functional
18937,functional
52417,functional
10267,functional
68003,non functional
1329,functional
4936,functional
20002,functional
43332,functional
62311,non functional
16242,functional
5406,functional
33750,functional
55547,functional
21572,functional
31085,non functional
376,functional
72694,non functional
52794,non functional
59717,non functional
7462,functional
9964,functional
8653,functional needs repair
69055,non functional
5487,non functional
51823,non functional
15109,non functional
27511,functional
63525,functional
72240,functional
53055,functional
73431,non functional
15334,functional needs repair
33029,functional
52596,functional
43053,functional
56063,functional
49781,functional needs repair
44482,non functional
3205,functional needs repair
37319,non functional
62095,functional
16735,functional
13161,non functional
30869,functional
39626,functional
56344,functional
13700,functional
9444,functional
23462,functional
25609,functional
34135,functional
56778,functional
22653,functional
41366,functional
54546,functional
43502,functional
43365,functional needs repair
69239,functional
50209,non functional
35435,non functional
60894,functional
64464,non functional
59877,non functional
69755,functional
36517,non functional
38659,functional
4189,non functional
72364,non functional
64657,functional
46469,non functional
27963,functional needs repair
6947,non functional
34542,non functional
53997,non functional
62556,functional
5843,functional
21870,non functional
43832,functional
40795,non functional
21440,non functional
11039,functional
43528,functional
239,non functional
26380,non functional
38647,functional
48412,functional
68511,non functional
12238,non functional
2093,non functional
27339,functional
58736,functional needs repair
14276,functional
26025,functional
38020,functional needs repair
32110,functional
23427,functional
45970,functional
25224,functional
53274,functional
47911,functional
36300,non functional
15658,non functional
23520,functional
65249,non functional
56702,non functional
43405,functional
13672,functional needs repair
33163,non functional
63981,functional
36722,functional
67643,functional
10936,functional
4825,non functional
33878,functional
7487,functional
17229,non functional
6380,functional
67059,functional
908,functional
29056,functional
28164,functional
70997,functional
50773,functional
71766,non functional
26527,non functional
53553,functional
71812,non functional
8986,functional
59512,non functional
63839,non functional
5222,functional
34905,non functional
57699,functional
39865,functional needs repair
32734,non functional
54012,non functional
23234,non functional
49788,functional
59224,functional
18106,non functional
42100,functional
29180,functional
54352,non functional
38494,functional
54136,functional
4940,functional
28323,functional
61153,functional
31314,functional
22678,functional
53107,non functional
54161,non functional
59612,functional
11171,functional
23677,functional
22938,non functional
15366,functional
72580,functional
59020,non functional
46270,functional
51428,non functional
1112,non functional
31293,functional
47926,functional
27006,non functional
59918,functional
70094,non functional
40972,functional
7948,functional
52989,non functional
5982,functional
24877,functional
51940,functional
1341,non functional
43146,functional
6880,functional
32765,functional
32627,functional
70134,non functional
8787,non functional
4066,functional
70433,non functional
32868,functional
11624,functional
15056,non functional
22780,functional
44660,non functional
1496,non functional
6864,non functional
8770,non functional
9682,functional
73841,non functional
37414,functional
10722,functional
41787,functional
45190,functional
9604,non functional
47715,functional
38934,non functional
6444,non functional
18174,non functional
36756,functional
68543,functional
11775,functional
12058,functional
48714,functional
52679,functional
23704,non functional
48811,non functional
10541,non functional
72560,functional
31915,functional
53960,functional
29446,non functional
26128,non functional
23103,non functional
16615,functional
4272,non functional
28720,non functional
68353,functional
73798,functional
9175,non functional
63050,functional
27870,non functional
36256,non functional
26353,non functional
24430,functional
62751,functional needs repair
7964,non functional
56958,functional
51602,non functional
15665,functional
64059,functional
40087,non functional
64304,functional
4818,non functional
46095,non functional
6049,non functional
18229,functional
14411,functional
30558,functional
60796,functional
50379,functional
37059,non functional
2557,functional
5290,non functional
38997,functional
47392,non functional
44115,functional
9614,non functional
47370,functional
62246,functional
69833,functional
10664,functional
66315,functional
17913,non functional
13550,functional
56950,functional
19300,functional
13319,non functional
72985,non functional
67104,functional
28893,non functional
26006,functional
63817,non functional
1111,functional
9615,non functional
16306,functional
67730,non functional
16675,functional
69371,non functional
58484,functional
28451,functional
42797,functional
1178,functional
24421,functional needs repair
29014,functional
12359,functional needs repair
18971,non functional
44017,functional
15187,non functional
10338,functional
58504,functional
38726,functional
62744,functional
67296,non functional
55558,functional
36126,functional
69422,functional
54150,non functional
27187,non functional
73170,functional
4394,functional
39962,non functional
71858,functional
60606,functional
30365,functional
73121,non functional
54644,functional
26638,functional
36329,non functional
34345,functional
2318,non functional
71715,functional
73103,functional
2185,non functional
46575,functional
20042,functional
61107,functional
65645,functional
18053,functional
56921,functional
6111,functional
17409,non functional
33077,functional needs repair
2519,functional
13495,non functional
32596,non functional
27621,functional
60094,functional
56362,non functional
34672,non functional
34476,functional
50728,functional
14821,functional
52174,functional
7291,functional
73044,functional
14159,non functional
19526,functional
11163,non functional
41706,functional
14363,functional
19333,functional
1677,non functional
40762,functional
38982,functional
7718,functional
72846,non functional
50181,functional
7514,non functional
50117,non functional
20636,functional
44462,non functional
68800,functional
57173,functional
62350,non functional
70546,non functional
6529,functional
21442,non functional
1257,functional
40064,functional
7899,non functional
62371,functional
45488,functional
46077,functional
49472,non functional
41199,functional
8261,functional
72051,functional
11563,functional needs repair
53759,functional
73457,non functional
51295,functional
43493,non functional
66826,functional
44407,non functional
28047,functional
50342,functional
55775,functional
6789,functional
6473,functional
55749,functional
54895,functional
25079,functional
3737,non functional
19823,functional
36578,functional
66180,non functional
17114,functional
10824,functional
32974,non functional
47691,non functional
26392,functional
14786,functional
34188,non functional
13881,functional
43786,non functional
67567,functional
46747,functional
58369,functional
58889,non functional
48708,non functional
33600,functional
63862,functional
43283,non functional
27564,non functional
58996,non functional
52645,functional
64953,non functional
4202,functional
22617,functional
6524,functional
62232,functional
62473,functional
974,non functional
33165,non functional
1081,non functional
32171,non functional
14598,functional
35549,functional
19917,functional
66923,functional
50436,functional
64269,functional
32771,non functional
58426,functional
35167,non functional
7516,functional
70862,non functional
11026,functional
31267,functional needs repair
16714,non functional
13517,functional
5099,non functional
47778,non functional
33669,functional
1332,functional
25957,non functional
33614,non functional
72272,functional
4838,functional
48775,non functional
44814,functional needs repair
25167,functional
32134,functional
23862,non functional
72628,functional
14414,functional
46094,non functional
33859,non functional
48077,non functional
31870,functional
14333,functional
59575,functional
54673,functional
11755,functional needs repair
24848,functional
64596,non functional
70391,functional
13968,functional
41052,non functional
22845,functional needs repair
71270,functional
65990,functional
8307,functional
47536,functional
13974,non functional
41198,non functional
50254,non functional
50107,non functional
42235,functional
47315,functional
13665,functional
33111,functional
66637,non functional
74249,non functional
21903,non functional
44286,functional
61791,functional
24456,functional
67489,non functional
51436,non functional
62603,functional
69908,functional needs repair
20761,non functional
12733,functional
7719,non functional
62328,functional
53940,functional
61786,functional
39842,functional
12818,functional
6536,non functional
21758,functional
73247,functional
986,non functional
70758,functional
26371,non functional
56332,functional
66993,non functional
40891,non functional
28079,functional
39634,non functional
42038,functional
37240,non functional
40039,non functional
24845,non functional
50096,functional
67125,functional
30785,functional
32091,functional
20465,functional
45410,non functional
50931,functional
22633,functional
20435,functional
50296,functional
54252,non functional
62491,functional
52673,functional
2910,functional
7802,functional
68242,non functional
23834,functional
39627,functional
8242,functional
62539,functional
73653,functional
14020,functional
8593,functional
7390,functional
22474,non functional
50393,non functional
39703,non functional
4438,functional needs repair
17609,functional
45128,functional
14087,non functional
39474,non functional
62229,non functional
44087,non functional
286,non functional
2164,functional
69459,functional
41502,non functional
46524,non functional
19325,functional
37734,non functional
30379,functional
32677,functional
31657,non functional
33367,functional
35200,functional
29344,non functional
8439,functional
6882,functional
42207,functional
34461,functional
30523,functional
72810,functional
18799,functional
67318,functional
11056,functional
37231,functional
39073,non functional
33085,functional
25982,functional
17002,functional
35301,functional
70473,non functional
38110,functional
71769,functional
5267,functional
58173,functional
13385,functional
12010,functional
41938,functional
54865,non functional
63415,functional needs repair
69054,non functional
46783,functional
46862,non functional
64826,functional
59631,functional
49729,functional
60151,functional
60623,non functional
51727,functional
55659,functional
48763,functional
49589,non functional
71439,non functional
34268,non functional
31396,functional
63875,non functional
38514,functional
38648,non functional
36619,functional
42178,functional
8051,non functional
64033,functional
72127,non functional
14191,functional
36627,functional
67594,functional needs repair
66552,functional
70176,non functional
28737,non functional
3066,non functional
10261,functional
51787,functional
6270,functional
37622,non functional
39054,functional
28677,non functional
7581,functional
59323,functional
46284,non functional
54745,non functional
71266,functional
3483,functional
12242,functional
15831,non functional
16239,functional
17052,functional
61988,functional
61636,functional
51255,functional
49512,functional
20756,functional
70768,functional
30311,functional
28248,functional
43017,functional
13354,functional
38256,non functional
26485,functional
898,functional
65448,functional
4944,functional
16145,functional
18307,functional needs repair
58292,functional
57186,functional
64776,functional
35026,functional
18362,functional
17334,functional
31631,non functional
33695,non functional
67304,non functional
72293,non functional
68064,non functional
42093,functional
2195,non functional
18441,functional
21188,functional
67228,non functional
58228,functional
14791,non functional
6393,non functional
44053,non functional
30939,functional
45825,non functional
8335,functional
9879,non functional
30300,functional
22790,functional
18402,functional
16545,non functional
10738,functional
52053,non functional
2929,functional
64731,functional
26920,non functional
69277,functional
10892,functional needs repair
58451,non functional
11398,functional
14890,functional
47652,functional
23728,functional
21114,functional
5647,functional
14,functional
11193,non functional
40249,functional
38351,functional
9316,functional
60929,functional
8149,functional needs repair
43121,functional
28726,non functional
65299,functional
52819,non functional
58190,functional
29780,functional
54768,functional
48105,non functional
68955,non functional
60901,functional
13134,functional
13437,functional
4627,non functional
14843,functional needs repair
32493,functional
41206,non functional
22111,non functional
49124,functional
63355,non functional
40608,non functional
52188,non functional
2286,functional
28381,non functional
46426,functional
7643,functional
29385,functional
5092,non functional
49990,non functional
21923,functional
24705,functional
17190,functional
69070,functional
55785,non functional
11241,functional
72721,non functional
5453,functional needs repair
72919,functional
16165,non functional
14021,functional
66787,functional
28941,functional
45127,non functional
29204,functional
40049,functional
5604,non functional
45864,non functional
66649,functional
53490,functional needs repair
40759,non functional
49462,functional
56164,functional
60538,non functional
54403,functional
60683,non functional
15314,non functional
61870,functional
11937,non functional
4195,non functional
30705,non functional
4216,functional
3858,functional
46111,functional
39409,non functional
12892,functional
70642,functional
945,non functional
71295,non functional
72251,non functional
2925,functional
65804,non functional
26909,non functional
53362,non functional
15485,non functional
34358,functional
29170,non functional
34990,functional
69658,non functional
14625,non functional
8207,functional
30245,functional
66270,functional
40842,functional
24668,functional
52433,functional
57176,functional
8514,functional
39849,non functional
13877,functional
36801,non functional
68050,functional
12900,functional
14730,non functional
45007,functional needs repair
56695,non functional
4152,non functional
59840,functional
1939,non functional
30955,functional
61685,non functional
48635,functional
14552,non functional
72830,functional
21074,non functional
25444,non functional
6462,functional
29267,functional
10088,functional
73650,functional
59502,non functional
34668,functional
4334,non functional
49129,functional
35547,non functional
38994,non functional
44561,functional
32207,functional
62858,non functional
65211,non functional
70633,non functional
38636,functional
8610,functional
48220,functional
20658,functional
44565,functional
38818,non functional
24552,non functional
55617,functional needs repair
18813,non functional
3887,non functional
7652,non functional
63803,functional
31515,non functional
30285,functional
25988,functional
29309,functional
55313,functional
59827,non functional
8048,functional
12599,non functional
59715,functional
612,non functional
17971,non functional
8577,non functional
43702,functional
29284,non functional
37817,non functional
39263,functional
39615,functional
61689,non functional
59162,functional
29733,functional needs repair
32753,non functional
30591,non functional
49548,functional
21527,functional
67483,non functional
46042,non functional
1768,functional
39709,non functional
22669,non functional
57,functional
5762,functional
47582,non functional
2862,non functional
47170,non functional
43406,functional
33756,functional
8463,functional
7951,functional
42415,non functional
27202,functional
58719,non functional
26223,functional
59975,functional
28279,non functional
57792,functional
40749,functional
38160,functional
47234,functional
73602,functional
49254,non functional
70767,functional
71701,functional
26102,functional
51929,functional
25360,functional
66007,non functional
72654,non functional
65157,non functional
20728,functional
13267,functional needs repair
74200,non functional
59716,non functional
34970,functional
6895,non functional
56478,functional
60043,functional
6222,functional
60691,non functional
19270,non functional
42962,functional
21802,functional
50828,functional
64804,non functional
40963,functional
40147,functional needs repair
13147,functional
7845,functional needs repair
52978,non functional
3003,non functional
54586,functional
59047,non functional
38414,non functional
22391,functional
25558,functional
3803,non functional
48046,functional
36401,non functional
58067,functional
57977,functional
6300,non functional
49887,non functional
55477,functional
467,functional
62856,functional
16904,non functional
34787,non functional
51016,functional
10843,functional
72313,functional
18563,functional
42381,functional
50789,functional
47414,non functional
54491,functional
44236,functional
12944,functional
48838,functional needs repair
43970,non functional
67142,functional
56464,functional
36720,non functional
11070,functional
69602,non functional
56711,functional
14163,functional
7544,functional
26724,non functional
72299,functional
59216,functional
23756,functional
74231,non functional
5232,functional
22134,functional
16005,functional
12699,non functional
99,functional
52210,functional
71459,non functional
42380,functional needs repair
61620,functional
41726,functional
19149,functional
37143,functional
7923,functional
28857,functional
26399,non functional
65959,non functional
57306,non functional
67765,functional
27941,functional
35289,functional
18215,non functional
26253,functional
54529,functional
31697,non functional
8104,non functional
2807,non functional
29453,non functional
577,non functional
68031,functional
27825,functional
64576,functional
58288,functional
27431,functional
61285,non functional
46185,functional
58575,functional
69077,functional
32105,functional
46471,non functional
54695,non functional
31802,functional
71458,functional
54972,functional
40108,functional
50935,functional
32323,functional
16270,non functional
21122,functional
54245,functional
44043,functional
608,non functional
1283,non functional
25483,functional
57055,functional
57004,non functional
62307,functional
50142,functional
22594,functional
42991,functional
44179,functional
15655,functional
39337,non functional
3217,non functional
26509,non functional
58943,non functional
19539,non functional
64076,functional
64488,functional
568,functional
57564,functional
62155,non functional
65321,non functional
12001,non functional
31702,functional needs repair
38338,functional
22078,functional
32380,functional
66965,functional
25186,functional
50134,non functional
53846,functional
27464,non functional
25121,non functional
21985,functional
53515,functional
24453,functional
48251,functional
16493,non functional
1804,functional
5903,functional
5491,non functional
57883,functional
15425,functional
50451,functional
74119,functional
61753,functional
23384,non functional
33853,functional
67972,functional needs repair
44988,functional
66534,functional
28176,functional
18379,functional
7680,non functional
25068,functional
51455,non functional
17394,functional
25825,functional
17651,functional
72398,functional
40844,functional
1431,functional
12617,non functional
40008,functional
12049,non functional
27403,functional
8601,non functional
54662,functional
19569,functional
69251,non functional
70069,non functional
34850,functional
47036,functional
1676,functional
30504,functional
68665,non functional
34456,functional
22954,functional
24823,functional
26825,non functional
49631,functional
25989,functional
62641,functional
28350,functional
12806,non functional
14474,functional needs repair
67458,functional needs repair
21103,non functional
26165,non functional
65119,functional
12626,functional
69907,non functional
74049,functional
44574,functional
67258,functional
16319,non functional
65094,non functional
64187,functional
68497,functional
24069,non functional
21600,functional
36077,functional
46547,functional
56060,non functional
34888,functional
50961,non functional
39203,non functional
68095,functional
17316,non functional
48415,non functional
40834,non functional
24590,functional
23552,non functional
68691,functional
36218,functional
43983,non functional
42921,functional
17778,functional
46927,non functional
36832,non functional
882,non functional
37687,functional
39567,non functional
23280,non functional
19928,functional
8183,non functional
23944,non functional
47735,non functional
59882,functional
57313,functional
41790,non functional
25420,non functional
42777,functional
57605,functional
68122,functional
21932,functional
52773,non functional
45868,functional
8319,non functional
69754,non functional
59411,non functional
47090,non functional
37380,non functional
59858,functional
42633,functional
26313,non functional
35112,functional needs repair
8279,non functional
58083,functional
53837,functional
42907,functional needs repair
48626,functional
14154,functional
39773,non functional
56730,non functional
26776,functional
12858,non functional
45906,functional
59171,non functional
50830,functional
19033,functional
43127,functional
7278,functional
19109,functional
9528,non functional
71598,functional
55287,non functional
24358,functional
61503,functional needs repair
1960,functional
66332,non functional
39978,functional
44947,non functional
72144,non functional
30154,non functional
42395,functional
9239,non functional
55411,functional
51794,non functional
24024,non functional
29145,functional
32464,functional
3106,non functional
55498,functional
63388,functional
13159,functional
29978,functional
1164,functional
24537,non functional
47659,non functional
37457,functional needs repair
37243,functional needs repair
55664,functional
32312,functional
35272,functional needs repair
22943,functional needs repair
32413,functional
60726,functional
28151,functional
38586,functional
1884,non functional
31322,functional
1207,non functional
35115,non functional
3509,non functional
21157,functional
2478,functional
69155,non functional
25200,non functional
63976,non functional
55421,functional
48643,functional
39517,functional
15070,non functional
55913,functional
10329,non functional
67122,functional
50043,functional
20278,functional
37480,functional
65638,functional
45914,non functional
15438,non functional
73050,functional
53706,functional
61325,functional
57180,non functional
5399,non functional
6465,non functional
36014,functional
41278,functional
67975,functional
39857,functional
7103,functional
57075,non functional
7098,functional
34409,non functional
6500,functional
36856,non functional
59847,functional needs repair
62228,functional
28636,functional
71546,functional
33611,functional
67035,functional
51737,functional
63250,non functional
44439,functional needs repair
3298,functional
45266,non functional
39647,non functional
37026,functional
38962,non functional
53549,non functional
15399,non functional
34031,functional
58734,functional
56598,functional
70415,non functional
1687,non functional
52090,functional
25281,non functional
11034,functional
20183,non functional
51797,non functional
56191,non functional
25048,functional
9013,functional
57074,functional
21345,non functional
48194,non functional
23721,non functional
33955,functional
29035,functional needs repair
50867,non functional
39569,functional
12327,non functional
47477,non functional
69534,functional
30171,functional
18332,functional needs repair
14896,functional
52766,functional
26727,non functional
53097,non functional
25172,functional
69382,non functional
65996,functional
42636,functional
1413,functional
72574,functional
57312,functional
37644,functional
8549,functional
39485,functional
16961,non functional
30585,functional
32390,functional
62198,functional
63668,functional
14184,non functional
7193,functional
52243,functional
59945,functional
56897,non functional
58215,non functional
18209,functional
53764,functional
848,functional
1707,functional
65820,functional
22104,functional
48439,functional
16470,functional
37389,functional
70441,non functional
5210,functional
39894,functional
17150,non functional
54600,non functional
73520,functional
66848,non functional
68051,functional
26216,non functional
39324,functional needs repair
53073,functional
60366,functional
71197,functional
7006,functional
50938,functional
46275,functional
20459,functional
63745,functional
9962,functional
1681,functional
21529,non functional
42212,functional
36770,functional
60473,non functional
20372,non functional
5632,non functional
61488,non functional
60593,non functional
19378,functional
73148,functional
62574,non functional
59110,non functional
59140,non functional
44576,functional
66933,functional
29890,non functional
67042,functional
61009,non functional
44726,functional
25043,functional needs repair
54312,non functional
71662,functional
56699,functional
22065,non functional
7738,functional
16542,non functional
12468,functional
70955,non functional
8455,non functional
53874,non functional
37,functional
64520,functional
976,non functional
40876,functional
41189,functional needs repair
38947,functional
27344,functional
39227,non functional
11312,functional
59784,functional
23150,functional
49988,functional
56929,non functional
1010,functional
30778,non functional
24906,functional
8559,non functional
22797,functional
3220,functional
16580,non functional
9064,non functional
3312,functional
50226,non functional
53459,functional
51710,functional
60666,functional
15111,functional
57934,non functional
13890,non functional
24884,non functional
11671,non functional
74245,functional
47775,functional
52660,functional
643,functional
293,non functional
2139,functional needs repair
16955,functional
58026,non functional
34704,functional
61523,functional
57633,functional
39644,functional
27526,functional
45028,functional
2666,non functional
52126,functional
65339,functional
26912,non functional
68155,non functional
40392,functional
23890,non functional
12448,functional
5488,non functional
67711,functional
3152,non functional
40989,non functional
61,non functional
59992,non functional
3933,functional
46686,non functional
48389,functional
12826,non functional
41887,functional
23203,functional
59652,functional
19999,functional
29057,non functional
36247,functional
29742,non functional
30182,non functional
34775,functional
46209,functional
63717,non functional
38599,non functional
41201,functional
14308,functional
39512,functional
44464,non functional
50262,functional
32860,functional
7812,functional
44340,functional
22221,functional
13826,functional
56656,non functional
65388,non functional
37402,functional
41100,functional
2191,functional
38388,functional
24062,functional
29831,functional needs repair
24464,functional
16384,non functional
28705,non functional
37701,functional
34083,functional
17139,non functional
17549,functional
24277,non functional
27061,functional
28842,functional
71994,non functional
47895,functional
51411,non functional
22449,functional
61372,functional
24195,non functional
37174,functional
52171,functional
38391,non functional
63122,functional
41063,functional
53165,non functional
360,functional
59527,non functional
43274,functional needs repair
61206,non functional
2036,non functional
45677,functional
64311,functional needs repair
65893,functional
71278,functional
48246,non functional
22498,functional
18500,non functional
6458,functional
62589,functional
24477,non functional
11725,non functional
55613,non functional
50765,functional
38233,functional
69097,functional
13288,functional
54473,non functional
33472,non functional
60519,functional
30144,non functional
60541,functional
37982,functional
43851,non functional
3537,non functional
21294,functional
29616,non functional
56884,functional
16193,functional
50973,functional
35663,non functional
19292,functional
14416,functional
6573,non functional
30247,non functional
71050,functional
3158,functional
11946,non functional
15293,functional
5044,non functional
62119,functional
7323,functional
11400,non functional
66947,non functional
29069,functional
58046,functional
11042,functional
6912,functional
67337,functional needs repair
73490,non functional
21699,non functional
27661,functional
57655,functional
34205,functional
48625,functional
16525,functional
67572,functional
1612,functional
59386,functional
38170,functional
73589,functional
65056,functional
22240,functional
42863,functional
58240,functional
54751,non functional
11556,non functional
70450,functional
24362,functional
4750,functional
50387,functional
4601,functional
71456,non functional
70273,functional
69921,functional
57925,functional
23973,functional
12497,non functional
55296,non functional
21281,functional
16122,non functional
26891,non functional
63320,non functional
29061,functional
28374,functional
37726,non functional
70190,non functional
51894,functional
26969,functional
45885,functional
37745,functional
39389,functional
49704,functional needs repair
32173,non functional
35431,functional
55961,non functional
62230,non functional
32594,functional
57561,functional
39593,non functional
62083,functional
6232,functional
17677,non functional
48999,functional
47507,functional
42938,functional
1538,functional
55340,functional
34058,non functional
8037,functional
44777,non functional
17812,functional
60735,functional
44860,functional
23109,non functional
72528,functional
66212,functional
44337,functional needs repair
14601,functional
46005,functional needs repair
71705,non functional
17013,functional
59368,functional
49364,functional
55804,functional
58096,functional
24387,functional
3521,functional
9635,non functional
67556,functional
45500,functional
53462,functional
54243,non functional
55739,non functional
21656,non functional
65341,functional
70960,non functional
13784,functional
63003,functional
46143,functional
36983,functional
59325,functional
9214,non functional
36362,functional
22379,functional
37079,functional
2779,non functional
28003,non functional
26492,non functional
24304,non functional
41876,functional
56346,non functional
65680,non functional
71025,functional needs repair
44631,non functional
9460,non functional
30563,non functional
45631,non functional
19514,functional
52940,functional
59528,functional needs repair
52617,non functional
4213,non functional
57592,functional
44387,non functional
53505,functional
73637,functional
21804,functional
60569,functional
18502,non functional
9816,non functional
73842,functional
33693,functional
23400,non functional
2007,functional
60771,non functional
52860,non functional
17417,functional
70232,functional
70958,functional
44071,non functional
57440,functional
32222,functional needs repair
39686,functional
40568,non functional
23831,functional
50613,functional
53373,functional needs repair
43537,functional
418,non functional
35425,functional
18526,non functional
39663,functional
45992,functional
68971,functional
68002,functional
21061,functional
16410,functional
33371,functional
68737,functional
21543,functional
32357,functional
52886,non functional
19264,non functional
15406,functional
7237,functional
56690,functional
43235,non functional
40428,non functional
20882,non functional
65930,functional needs repair
23023,non functional
11075,functional
16120,functional
73332,functional
36855,functional
32298,non functional
39350,functional
65624,functional
24712,functional
18244,functional
36651,functional
61122,functional
68722,functional
15796,functional needs repair
38597,non functional
34351,functional
12926,functional
1361,functional
29504,functional
6331,non functional
73064,non functional
66291,non functional
5937,functional
44648,functional
30642,non functional
18223,functional
55354,non functional
1271,functional
47798,functional
14435,functional
19355,non functional
14820,functional
4391,functional
41984,non functional
17455,non functional
14667,functional
67276,non functional
70116,functional
38843,functional
62833,non functional
21786,functional
5137,functional
5686,functional
65577,functional
9557,functional
8235,non functional
70184,functional
65334,non functional
26422,functional
5221,functional
60250,functional
33742,functional
33754,functional
15113,functional
20021,functional needs repair
10968,non functional
37645,functional
65442,non functional
46801,non functional
42681,functional
9218,non functional
10618,functional
18376,functional
7081,non functional
21325,functional
41513,functional
16539,functional
17077,functional
11969,functional
2070,non functional
17938,functional
67058,functional
14106,functional
1931,non functional
73979,functional
35763,functional
21561,functional
1103,functional
15088,functional
39675,non functional
34594,non functional
64632,non functional
20266,functional
22802,functional
20208,functional
29300,non functional
42717,functional
12594,non functional
17034,functional
60913,functional
42050,functional
6973,non functional
46869,functional
17457,functional
54619,functional
52675,functional
27072,non functional
7849,non functional
62488,functional
70763,non functional
13032,functional
54851,functional
67968,non functional
21690,functional
56415,functional
31352,non functional
54253,functional
23650,non functional
62683,non functional
35693,functional
25763,non functional
72950,non functional
37896,functional needs repair
54366,non functional
39279,non functional
43971,functional
2467,functional
72516,functional
17266,functional
41746,non functional
9315,functional
9802,functional
73506,non functional
5285,non functional
16827,functional
58094,non functional
44719,functional
18637,functional
18424,functional
62010,functional
8026,functional needs repair
37848,functional
13326,functional
7242,functional
46232,non functional
19179,functional
14255,functional
32278,functional
10351,non functional
67825,non functional
21183,non functional
61650,functional
59417,functional
66902,functional
70705,functional
21628,functional needs repair
10378,functional
56626,non functional
61840,non functional
26069,non functional
3908,functional
24649,functional
70847,functional
15653,non functional
27627,functional
21686,non functional
68716,non functional
29521,functional
22080,functional
42316,functional
53156,non functional
42473,non functional
62809,non functional
54281,functional
26936,functional
29131,functional
48466,functional needs repair
11104,functional
66914,functional
63887,functional
21757,non functional
73040,non functional
34779,non functional
21700,functional
7268,functional
51233,functional needs repair
37499,functional
59693,non functional
809,non functional
2180,functional
47537,functional
28332,non functional
33752,functional
65426,functional
44628,functional needs repair
46639,functional
44845,functional
11895,non functional
54493,functional
13255,functional
67476,non functional
29614,non functional
54037,non functional
15774,functional
4143,functional
42584,functional
26078,non functional
52117,functional
66364,functional
39422,functional
5059,functional
11368,functional
63125,functional
34139,functional
16369,functional
37872,non functional
65715,functional
34168,non functional
53439,non functional
73135,functional
45135,functional
20895,functional
13482,functional
56331,functional
30607,functional
73691,functional
26600,functional
58388,non functional
21552,non functional
12509,non functional
36976,functional
31494,functional
28101,non functional
53848,functional
19254,functional
60255,functional
33398,non functional
55848,functional
25229,functional
44973,functional
50712,non functional
5430,functional
33434,functional
60846,functional
14650,functional
50744,functional
73945,non functional
29167,functional
44551,functional
61028,functional
56916,non functional
16281,functional
13025,non functional
35381,functional needs repair
23998,functional
42149,non functional
50554,functional
58167,functional
14894,functional
32801,functional
55370,functional
25700,functional
6078,functional
2140,non functional
46147,functional
46030,non functional
29541,non functional
69454,non functional
65110,functional
8860,functional
71309,non functional
51449,functional
60016,functional
70162,functional
22698,functional
8701,functional
42087,functional
52958,functional
33952,functional
15459,functional
34985,functional
6754,functional
61225,functional
74143,non functional
22223,functional
17078,functional
55822,functional
70421,functional
62747,functional
70057,functional
11752,functional
44165,non functional
73534,non functional
11963,functional
52152,functional
26850,non functional
67913,non functional
13600,functional
5956,functional
34401,functional
53900,functional
27036,functional
47864,functional
14057,functional
24223,non functional
53430,functional
4891,functional
31899,non functional
33808,functional
39013,non functional
2190,non functional
68867,non functional
70725,functional
66858,functional
55226,functional
21029,functional
55510,non functional
44942,functional
33340,functional
47603,non functional
14297,functional
38397,functional
34285,functional
58070,non functional
63460,functional
10259,functional
28421,functional
14274,functional
13695,non functional
2262,functional
55545,functional
70373,non functional
54022,non functional
73875,functional
44027,functional
49745,non functional
66829,functional
49358,non functional
71605,non functional
59222,functional
5984,functional
64316,functional
47702,non functional
45022,functional
43244,functional
47670,functional
24798,non functional
15175,functional
68072,non functional
32703,non functional
60905,functional needs repair
28690,non functional
69232,functional
32533,functional
11375,non functional
47663,functional
30430,non functional
28550,functional
36663,functional
40387,non functional
51578,functional
3534,non functional
47508,functional
63630,functional
26671,functional
34243,functional
2181,non functional
11259,functional
36185,functional
36500,non functional
27563,non functional
2867,non functional
9370,functional
66898,functional
894,functional
43172,non functional
61008,non functional
1871,non functional
24562,functional
74138,functional
43953,functional
14738,non functional
72983,functional
61959,functional needs repair
38608,non functional
16485,non functional
73988,functional
39284,non functional
29207,functional
47081,functional
49101,non functional
34517,non functional
31059,non functional
57432,functional
6346,functional
72650,functional
5677,non functional
39376,functional
24347,functional
26503,functional
48360,functional
61135,non functional
7382,non functional
9684,non functional
28706,non functional
30674,functional
68709,functional
68555,functional
2891,functional
8325,functional
35792,non functional
21525,non functional
54970,functional
62634,non functional
20452,non functional
69576,non functional
2868,functional
26716,functional needs repair
13707,functional
48742,functional
10004,non functional
43570,functional
64844,functional
30482,non functional
54847,non functional
22657,non functional
8249,functional
9243,functional
35067,functional
1857,functional
35742,non functional
5800,non functional
60514,functional
40830,functional
27127,functional
71753,non functional
51047,non functional
53739,functional
23929,functional
53104,functional
58724,functional
65168,functional
35803,non functional
42604,functional
41814,non functional
29197,functional
62221,functional
45377,functional
26715,functional
61468,non functional
25038,non functional
58810,functional
10713,non functional
22734,functional
16087,functional
18149,functional
36657,functional
4068,non functional
63610,non functional
39301,functional
59813,functional
36574,non functional
4406,functional
65365,functional
44055,non functional
70621,functional
2247,functional
6935,functional
4418,functional
60547,functional
135,non functional
24055,functional
1312,functional
10331,functional
26177,functional
33162,functional
7062,non functional
22851,functional
28423,functional
41251,non functional
20422,functional
34257,functional
16064,functional
40453,non functional
54622,non functional
16920,functional
33310,functional
22136,functional
63341,non functional
19356,functional
71628,functional
64094,non functional
11925,non functional
59084,functional
37215,non functional
35362,functional
65020,functional
3718,functional
44761,non functional
1471,functional
23132,functional
40859,functional
62566,functional
22401,functional
28889,non functional
35117,functional
61481,non functional
27111,non functional
19631,functional
1482,functional
7428,functional
3388,non functional
39395,functional
28660,functional
47388,functional
50865,functional
39358,functional
11569,functional
12754,functional needs repair
36511,non functional
51901,non functional
43635,non functional
49977,functional
26436,non functional
39764,functional
59511,functional
67376,non functional
18372,functional
60995,functional
4370,functional
32477,functional
61244,functional
14604,functional
16439,functional
57621,functional
14019,functional
24041,functional
1934,functional
9465,functional
54058,functional
29854,non functional
55860,functional
2174,functional
42337,non functional
69450,functional
35051,functional
71593,functional
8482,non functional
20941,non functional
64392,functional
51397,functional
41591,non functional
23332,non functional
32115,functional
41692,functional
25771,functional
32552,functional
3331,non functional
54540,non functional
503,functional
71143,functional
7807,non functional
57653,functional
51315,functional
24220,non functional
67953,functional
54094,functional
45292,functional
31549,functional
37511,functional
68378,non functional
15031,functional
58739,non functional
8089,non functional
21828,non functional
7638,non functional
56568,functional
29502,functional
14198,functional
63751,non functional
5928,functional
42267,functional
69493,functional
64556,functional
22629,functional
49173,functional
2358,non functional
32709,functional
28752,functional
7917,functional
29189,functional
2159,non functional
43104,non functional
43457,non functional
36883,non functional
24201,functional
40839,non functional
27603,functional
58623,functional
3144,functional
42970,non functional
30336,functional
56071,functional
53451,non functional
35703,non functional
39991,non functional
30947,non functional
22468,non functional
62861,functional
53501,functional
56510,functional
4508,functional
57787,non functional
49951,non functional
3872,functional
56684,functional
67903,functional
56467,functional
38739,non functional
18343,functional
13767,functional
62621,non functional
73869,functional
70262,non functional
71693,functional
20174,functional
15549,functional
62113,functional
29511,non functional
9501,non functional
66604,functional
39581,functional
36831,functional
21060,non functional
9519,non functional
64673,functional
32122,non functional
56799,functional needs repair
10080,functional
13909,non functional
22956,functional
43508,non functional
43680,non functional
9719,functional
45095,functional
62238,non functional
10929,non functional
72578,non functional
3060,non functional
46841,non functional
12034,non functional
16234,functional
9795,functional
3641,functional
20787,functional
63937,functional
36040,non functional
67076,functional
65787,functional needs repair
50760,functional
31362,functional
63329,functional
60993,functional
48268,functional
13857,non functional
62212,functional needs repair
10234,functional
49460,functional
67804,non functional
60775,functional
3648,functional
40853,non functional
36292,functional
67873,functional
33543,functional
64414,functional
64541,functional
70060,functional
63551,non functional
30021,non functional
11373,non functional
2006,functional
62388,functional
47949,non functional
23075,non functional
54591,functional
4415,non functional
18438,non functional
47227,functional needs repair
32803,functional
61007,non functional
65713,functional
4149,non functional
12758,functional
13084,functional
35610,non functional
54093,functional
42439,functional
40534,functional
46477,functional
63169,non functional
4545,functional
67788,functional
70091,non functional
53996,functional
17796,non functional
55847,functional
64785,non functional
26140,non functional
56381,functional
68966,functional
51300,non functional
51757,functional
65640,functional
21027,functional
53724,functional
26908,functional
25652,functional
71040,functional
53348,non functional
19782,non functional
36271,functional
26541,functional
70464,functional
59058,non functional
56509,non functional
50996,functional
70413,non functional
19540,functional
17886,functional
2095,non functional
61538,non functional
65494,non functional
45491,functional
37220,functional
54218,non functional
59686,functional needs repair
31393,functional
55054,functional needs repair
21958,non functional
66499,functional
69750,functional
40828,non functional
10927,functional
52853,functional needs repair
20436,functional
2178,functional
70197,functional
42000,functional
58941,functional
61707,non functional
28955,non functional
61906,functional
48164,functional
45217,functional
56244,functional
66945,non functional
20655,functional
7924,functional
19171,non functional
65349,non functional
40561,functional
1023,functional
1508,functional
26647,functional
70445,functional
50199,functional needs repair
26964,functional
32219,non functional
16046,functional
15737,functional
72539,non functional
67393,non functional
29013,functional
23734,functional
73315,functional
31537,functional
6953,functional
41659,functional
4867,non functional
21370,non functional
65133,functional needs repair
9373,functional
17907,functional
71828,non functional
72894,functional
41582,non functional
46838,functional
70576,non functional
23323,non functional
3973,functional
65816,functional
43626,functional
66966,functional
24844,non functional
73066,functional
67978,functional
13443,functional
32444,non functional
8155,functional
18982,functional
24533,functional
27856,non functional
56866,functional
58445,non functional
41621,non functional
63893,functional
11225,functional
20613,non functional
39516,non functional
8756,functional
10638,functional
50885,functional
30237,non functional
41182,functional needs repair
10502,functional needs repair
50223,functional
10319,non functional
21019,non functional
34756,functional
57777,functional
56844,functional
64906,functional
32519,functional
63082,non functional
15477,functional
13846,non functional
51835,functional
3452,functional
27034,functional
8371,non functional
34995,non functional
67500,functional
18893,functional
8503,non functional
62636,functional
46592,functional
30362,functional
29200,functional
48207,functional
5169,functional
10865,non functional
48994,functional
27483,functional
4802,non functional
6024,functional needs repair
52999,functional
12513,non functional
50674,non functional
49108,non functional
72224,non functional
13828,non functional
61051,non functional
43717,functional
66773,non functional
52059,functional
14014,functional
33098,non functional
18004,non functional
49510,functional
33775,functional
59126,non functional
60508,functional
69680,functional
32334,functional
49944,functional
37219,functional needs repair
34876,non functional
6160,functional
14998,functional
51635,functional
25806,functional
28063,functional
24315,functional
19994,non functional
14533,functional
22102,non functional
55097,non functional
52399,functional
21410,functional
50788,functional
30143,non functional
31438,functional
50605,non functional
38138,non functional
37714,non functional
12458,non functional
63847,non functional
38941,non functional
58006,functional
3701,non functional
63176,functional
32907,functional
63884,non functional
22345,non functional
58020,functional
6689,non functional
26308,non functional
14398,non functional
14818,functional
6353,functional
43839,non functional
2840,non functional
59264,functional
8560,functional
21778,non functional
1718,non functional
67618,non functional
66982,non functional
48558,functional
44952,functional
68081,non functional
7118,functional
53226,functional
72612,non functional
15657,functional
15032,non functional
71183,non functional
47231,functional
59893,functional
18294,non functional
2375,non functional
24452,functional
60068,functional
22177,functional
15599,functional
58770,functional
33128,functional
6079,functional
13266,functional
35442,functional
61825,non functional
41385,functional
4520,functional
69554,functional
26582,non functional
45162,non functional
51277,non functional
19496,non functional
70560,functional
22059,functional
20955,functional
20485,non functional
66852,functional
6978,functional
48612,non functional
71666,functional
24170,non functional
17850,functional
43902,functional
56723,non functional
64536,functional
1233,functional
42143,functional
40374,functional
32954,functional
68984,functional
11978,non functional
65189,functional
16038,functional
28449,non functional
56904,functional
64601,functional
72436,non functional
6144,functional
70599,functional
70655,non functional
43023,functional
65545,non functional
31000,functional
26482,functional
25686,functional
15651,functional
19192,functional
73785,functional
2125,non functional
65140,non functional
29595,non functional
5306,non functional
45147,functional
39443,functional
47769,functional
29520,functional
69998,non functional
34484,non functional
71981,non functional
51469,non functional
17422,functional
23257,functional
15856,functional
228,functional
35713,functional
54385,non functional
65399,functional
5863,non functional
49266,functional
24312,functional
68374,functional
55651,functional needs repair
52250,functional
74244,non functional
61104,non functional
19955,functional
43510,non functional
41099,non functional
51305,non functional
71832,functional
24812,non functional
57060,non functional
3193,functional
20040,non functional
682,non functional
47417,functional
9536,functional
56423,non functional
4770,functional
10926,non functional
70775,functional
3344,functional
7940,functional
41872,functional
14226,functional needs repair
1084,functional
29695,functional
53357,functional
38502,functional
45263,non functional
11664,non functional
45951,functional
31956,functional
72722,non functional
1457,non functional
58604,functional
10150,functional
13140,non functional
4158,functional
33365,functional
2512,functional
3792,non functional
41158,non functional
49470,non functional
45060,functional
61264,non functional
42048,functional
52317,functional
26066,non functional
5082,non functional
39794,functional
282,non functional
13617,functional
70883,functional
46582,non functional
18763,non functional
13744,non functional
71273,functional
2447,functional
74063,functional
33761,functional
73129,non functional
38438,functional needs repair
66706,non functional
71117,functional
7078,non functional
519,non functional
55708,functional
38509,functional
57945,functional
27176,non functional
68377,non functional
849,functional
47114,non functional
41438,functional
21111,functional
37406,functional
10498,functional
34231,non functional
56341,non functional
18051,non functional
35331,non functional
58056,non functional
61167,functional
4920,non functional
40357,functional
43318,non functional
21087,functional needs repair
68111,functional
11661,non functional
16322,functional
49232,non functional
54765,functional
71388,non functional
18604,functional
44350,functional
62598,non functional
43591,functional needs repair
51885,functional
13290,functional
12485,non functional
1968,functional
62032,functional
13395,non functional
27384,functional
50484,non functional
23050,non functional
31156,functional
32559,non functional
70435,non functional
22655,functional
44573,non functional
9332,functional
46413,non functional
6930,functional
7830,functional
30613,functional
2715,functional
1873,non functional
69719,functional
31230,functional
57424,functional
20682,non functional
23566,functional
38271,functional
47572,functional
71841,non functional
73967,functional
60861,functional
20526,functional
38337,functional
20014,functional
57709,functional
19588,functional
27587,functional
9984,functional
70608,functional
64499,functional
38582,functional
359,non functional
11158,functional
37242,functional
71892,functional
18826,functional
42859,non functional
52768,functional
34690,functional
28004,functional
45813,functional
56875,functional
14917,non functional
30105,non functional
12955,functional
44032,functional
53634,non functional
13922,functional
67888,functional
24970,functional
47673,functional
12015,non functional
20259,functional
24333,functional
48864,non functional
3186,functional
40617,non functional
39727,non functional
26524,functional
49963,functional
33392,non functional
65604,non functional
25439,functional needs repair
32689,functional
39346,functional
44111,non functional
48509,functional
58191,non functional
38311,non functional
32588,functional
51097,non functional
21616,non functional
1546,functional
50592,functional
15153,non functional
60451,functional
39092,functional
44066,non functional
44259,functional
1984,non functional
61682,non functional
59320,functional
62678,non functional
2798,functional
54555,non functional
46806,non functional
67541,non functional
65284,functional
31265,non functional
34288,functional
38812,functional
14868,non functional
64873,functional
22140,non functional
11260,functional
62930,non functional
36875,functional
66406,non functional
12160,non functional
60923,non functional
41028,non functional
72710,non functional
51571,functional
32839,functional needs repair
10978,functional
30879,non functional
67002,functional needs repair
60951,functional
1889,functional
51701,functional
59284,functional
26460,functional
23917,functional
19445,non functional
20634,functional
48271,functional
39770,non functional
12535,functional
9948,functional
50686,functional
35931,functional
14955,functional
48997,non functional
71077,functional
26013,non functional
12541,non functional
10225,functional
48523,functional
44597,functional
18030,non functional
67297,functional
18418,functional
8365,non functional
31248,non functional
49370,non functional
55014,non functional
10408,non functional
22728,functional
57343,functional
42461,functional
73501,functional
32679,functional
52750,non functional
51655,functional
43087,non functional
66847,functional
32537,functional
54168,non functional
45987,functional
17470,non functional
46205,functional
37807,functional
9963,non functional
72385,functional
36930,functional
29101,functional
26414,functional needs repair
48369,non functional
13017,functional
49421,non functional
21523,functional
67645,functional
50154,non functional
62378,non functional
47337,non functional
44517,non functional
52483,non functional
60224,non functional
23021,non functional
69858,functional
29599,functional
64096,functional
18671,non functional
3281,functional
72728,non functional
15987,functional
73993,functional
17644,functional
37494,functional
47009,non functional
71115,functional
12145,functional
28083,functional
37806,functional needs repair
51762,non functional
1639,functional
17981,functional
18042,functional
25894,functional
18132,functional
9731,non functional
10333,functional
396,functional
25433,functional
11399,functional needs repair
31007,non functional
18822,functional needs repair
27827,functional
47700,functional
14193,non functional
46699,functional
49699,non functional
72914,functional
24535,non functional
49846,functional
27110,functional
29828,functional
73173,functional
59807,functional
30737,non functional
50319,non functional
27267,functional
54308,functional
41628,non functional
56360,non functional
16622,functional
43432,functional
44404,non functional
50354,functional
68698,non functional
3977,functional
40031,functional
23191,functional
59440,functional
53544,non functional
57825,functional
35534,functional
30093,functional
59732,functional
50472,functional
63806,functional
11743,functional
27778,non functional
4460,non functional
45776,non functional
46743,non functional
68878,functional
20967,non functional
59833,non functional
53635,functional
45831,functional
59065,functional
8700,functional
6965,functional
56369,non functional
74106,functional
23763,non functional
38235,non functional
51342,non functional
29236,non functional
8314,non functional
38335,non functional
42494,non functional
25358,functional
52693,functional
66427,functional
20769,functional
24754,non functional
3797,non functional
53859,non functional
27206,functional
58407,functional
13374,functional
11028,functional
38930,non functional
26982,non functional
14778,functional
51587,functional
17015,non functional
25028,functional
35293,functional
8068,functional
73052,functional
51753,functional
15035,non functional
60817,non functional
55374,functional
10096,non functional
12074,functional
50198,functional
33773,functional needs repair
6287,non functional
16222,functional needs repair
13418,functional
243,functional
5673,functional needs repair
38441,functional
57081,functional
14525,functional
13389,non functional
65683,non functional
21136,non functional
34199,functional
25206,functional
55334,functional
30168,non functional
19998,functional
27760,functional
70205,non functional
32421,functional
40287,functional
4537,functional
46300,non functional
49063,functional
73414,non functional
54220,functional
2838,functional
46979,functional
34307,functional
36899,functional
27797,functional
48131,functional
70738,non functional
56821,functional needs repair
35203,non functional
67513,non functional
48623,non functional
48526,functional
71696,functional
507,non functional
7283,functional
3421,non functional
15585,non functional
44581,non functional
72733,functional
46120,non functional
29358,functional
5664,functional
2285,functional
5661,non functional
47657,non functional
40777,functional
23177,functional
62023,non functional
46834,non functional
54573,non functional
2311,functional
36977,non functional
62283,functional
62935,functional needs repair
28008,functional
60373,functional
34523,functional
46550,non functional
12068,non functional
4365,non functional
49342,functional
6418,functional
33741,functional
53296,non functional
74206,functional
17681,functional
58387,functional
33887,non functional
35848,functional
13667,non functional
38183,non functional
61501,functional
16185,functional
69225,functional
7730,functional
64895,functional
496,functional
42433,functional
32757,functional
16856,functional
3503,functional
73404,non functional
25092,non functional
56114,non functional
67755,functional
59292,functional
27131,functional
36880,functional
29934,non functional
61140,functional
6375,functional
57413,non functional
52719,functional
45534,functional
57626,functional
1523,non functional
62801,non functional
11025,functional
66579,functional
42099,functional
68278,functional
20349,functional
18762,non functional
67374,functional
27139,functional
21420,functional
52382,functional
55389,functional
41881,functional needs repair
20879,functional
39134,functional
35813,functional needs repair
32770,functional
9903,functional
37475,functional
3618,functional
31199,functional
1018,functional
57876,functional
44128,functional
22587,functional
1143,functional
48065,non functional
13308,functional
35288,non functional
60567,functional
46380,functional
36502,functional
73978,functional
19960,non functional
22394,functional
49214,functional
23581,functional
58744,functional
18540,non functional
37429,functional
11726,functional
24187,functional needs repair
25907,non functional
68307,non functional
36577,non functional
5752,non functional
17460,functional
24211,non functional
64039,functional
35159,functional
36922,functional
1228,non functional
14928,functional
31814,functional
38492,functional
8754,non functional
68130,non functional
19092,functional
36898,functional
48574,functional
54791,functional needs repair
57644,functional
43217,functional
14922,functional
64775,functional
59160,non functional
38141,non functional
51518,non functional
43481,non functional
36632,non functional
4347,non functional
57963,functional
73460,non functional
26874,functional
45280,functional
50748,functional
33993,non functional
11535,functional
13028,non functional
39580,functional
66084,non functional
72376,non functional
63494,functional
5560,non functional
53309,non functional
17248,functional
38848,functional
29171,functional
12765,functional
72042,non functional
45045,functional needs repair
30553,functional
15746,non functional
71754,functional needs repair
26176,functional
40403,non functional
64029,non functional
56238,functional needs repair
52432,functional
38677,functional
2448,functional
73548,functional
51078,non functional
27549,functional
886,functional
62399,non functional
70385,functional
60247,functional
48622,functional
43977,functional
2609,non functional
66087,non functional
63428,non functional
57506,functional
31307,functional
51965,functional
9288,functional
68778,functional
22485,functional
57533,non functional
6589,non functional
4402,functional
33976,non functional
24206,functional
16883,functional
68280,functional
60751,non functional
57895,non functional
73433,non functional
59045,functional
62351,functional
32272,functional
34754,functional
8809,functional
35885,functional
39827,functional
63158,functional
28801,non functional
52813,functional
21457,functional
17610,non functional
4984,functional
37979,non functional
62974,functional
47204,functional
57616,functional
35329,functional
10767,functional
39234,functional
28022,non functional
19427,non functional
57156,functional
25669,functional
71153,non functional
43875,functional
3448,functional
9629,functional
17846,functional
22620,functional
2246,functional
28894,non functional
46489,non functional
39041,functional
65364,functional
7226,functional
2650,functional
7706,functional
23147,functional
4797,non functional
23043,non functional
13339,non functional
4229,functional
15853,functional
4180,non functional
15068,non functional
35611,functional
32401,functional
4110,functional
62206,functional
23600,functional
35239,functional
18252,functional
18152,non functional
21850,functional
47509,non functional
13585,functional needs repair
16501,functional
9576,functional
39351,functional
40022,functional
11435,functional
26631,functional
21565,non functional
40163,functional
13859,non functional
50767,non functional
1932,functional
15282,non functional
73231,functional
36347,functional
22076,functional
32903,non functional
31789,non functional
67095,non functional
41894,functional
9150,non functional
24822,functional
40477,functional
43193,functional
33377,functional needs repair
5889,functional
68402,functional
11690,non functional
9583,non functional
14643,functional
33152,functional
45285,functional
11776,non functional
21082,functional
11224,functional
708,functional needs repair
24269,functional needs repair
66094,functional
29402,non functional
2132,functional
31876,functional
24888,functional
17297,functional
63391,non functional
65405,non functional
27306,functional
53792,functional
33760,non functional
36858,non functional
21982,non functional
47898,functional
45931,functional
24282,functional
57867,non functional
2268,functional
42870,functional
51026,non functional
69496,functional
46258,functional
53653,functional
8511,non functional
6437,functional
45277,functional
53647,functional
45297,functional
12871,non functional
73567,functional
37196,non functional
33031,functional
50322,non functional
38362,functional
48934,non functional
50098,functional
25161,non functional
69627,functional
37050,functional
40161,functional
8596,functional
17636,functional
14577,non functional
56393,functional
12822,functional
41075,functional
37885,non functional
68842,functional
66015,non functional
21780,non functional
6796,functional
56069,functional
54247,functional
40874,functional
27638,functional
57276,non functional
15827,non functional
59544,functional
46615,non functional
68917,functional
32281,functional
20795,functional
3775,non functional
56610,non functional
14626,non functional
58335,non functional
27434,functional
45224,functional
21863,functional
13646,functional
45316,functional
39015,non functional
62036,functional
19035,functional
46630,non functional
15059,functional
32074,functional
39871,functional
32047,functional
9958,functional
38679,functional
67067,non functional
45840,functional
71345,functional needs repair
28783,non functional
56300,non functional
25363,functional
57254,non functional
4852,functional
37650,non functional
37830,non functional
55583,functional
47834,non functional
33053,functional
40053,functional
35615,functional
41935,functional
53719,non functional
42782,functional
24343,functional
44635,functional
46200,non functional
31185,functional
16460,functional
17353,functional
5891,functional
24375,non functional
5203,non functional
62385,non functional
56459,functional
29879,functional
51522,functional
35245,functional
40141,functional
4870,functional
29726,non functional
43211,non functional
62320,functional
49299,functional
35963,functional
24820,functional
31300,functional
47524,functional needs repair
3102,functional
65536,functional
61221,functional
72699,non functional
67398,non functional
13994,functional
27826,functional
1379,functional
2681,functional
53171,non functional
2389,functional
55799,functional
59952,functional
13243,functional
52845,non functional
7141,non functional
36793,functional
28913,functional
22001,functional
38907,functional
11162,functional
31701,functional
19800,functional
68622,functional
36197,non functional
41645,non functional
41299,non functional
63689,functional
64196,functional
3309,non functional
60962,functional
69933,non functional
58960,functional
52915,functional
24332,functional
46346,non functional
73840,functional
20540,functional
25032,functional needs repair
55800,non functional
30448,non functional
31637,functional
57334,functional
19040,functional
16127,functional
18166,functional
37428,functional needs repair
60465,functional
38724,functional
56443,non functional
13307,non functional
40329,functional
845,non functional
36907,functional
39583,functional needs repair
29041,functional
57528,non functional
33196,functional
14740,functional
52667,functional
403,functional
59130,functional
45426,functional
66786,functional
53110,non functional
12745,non functional
26571,functional
21083,non functional
55246,functional needs repair
23085,non functional
41860,non functional
65999,non functional
4741,functional
8189,functional
45623,non functional
51651,non functional
3575,functional
73396,functional
70645,functional
55369,functional
16473,non functional
68346,functional
9481,functional
21439,functional
835,non functional
24667,non functional
64713,functional
35303,functional
62990,functional
40591,functional
15240,non functional
36088,functional
18110,functional
2314,functional
14209,functional
44542,non functional
16684,non functional
18841,non functional
12368,functional
60453,functional
66939,functional
69334,functional
50057,non functional
59836,non functional
44365,functional
23168,functional
27877,non functional
23909,functional
15424,functional
46084,non functional
26292,functional
28159,non functional
57935,functional
48599,functional
768,functional
62438,non functional
27414,functional
46750,functional needs repair
16436,functional
32535,functional
41758,functional
66899,non functional
24670,non functional
31459,functional
66195,functional
54881,functional needs repair
52075,functional
41587,functional
60141,functional
41043,functional
43950,functional
48121,functional
65965,functional
70664,functional needs repair
4887,functional
62128,functional
62993,non functional
54823,non functional
67336,functional
11461,functional
6405,non functional
3604,non functional
13496,non functional
69465,functional
52159,functional
62523,non functional
12909,functional needs repair
9031,non functional
38142,functional
9976,non functional
12457,functional
83,functional
41441,functional
37002,non functional
14445,non functional
49312,non functional
37763,functional
18581,functional
17791,functional
37664,functional
55316,non functional
67418,non functional
62465,non functional
8682,functional
18905,functional
8129,functional
6490,functional
58222,functional
26087,non functional
54721,functional
2986,functional
62250,functional
13215,functional
40638,functional
52286,functional
56328,functional
66140,functional
73270,functional
46918,functional
37800,non functional
42236,non functional
57022,non functional
32769,non functional
60417,non functional
18381,non functional
45799,functional
16607,functional
34727,functional
65469,non functional
44913,non functional
50367,non functional
50806,functional
40770,functional
3166,functional
43932,functional
9054,functional
3088,functional
55589,functional
56199,functional
43749,functional
70409,non functional
47010,functional
30427,functional
31052,functional
14338,functional
53535,functional
54524,functional
34913,functional
70918,non functional
55805,functional
46480,non functional
6477,functional
68683,non functional
64153,functional
5836,functional
47654,functional
47513,functional
70105,functional needs repair
65915,functional
72961,functional
20292,non functional
9641,functional
43467,functional
34468,functional
24910,functional
59441,functional
73772,functional
67356,non functional
5377,functional
56133,functional
38004,non functional
65662,functional
68465,non functional
9610,functional
13502,functional
53131,non functional
43862,functional
41294,non functional
29623,functional
73956,non functional
69743,non functional
54200,non functional
24857,non functional
46305,functional needs repair
26411,non functional
62264,functional
31079,non functional
43949,functional
10433,non functional
26672,non functional
21265,functional
10059,functional
60084,non functional
53252,functional
32035,functional
72898,non functional
34460,functional
68561,non functional
20908,functional
34485,functional
58522,functional
19340,functional
24072,non functional
1597,non functional
21617,non functional
4294,functional
62458,non functional
60703,functional
54351,non functional
3655,functional
52100,non functional
35989,non functional
34759,non functional
55209,functional
21606,functional
20748,non functional
73003,functional
29246,non functional
29896,non functional
30122,non functional
37159,non functional
62494,functional
54202,functional
60549,non functional
63553,non functional
13980,functional
56243,functional
23544,functional
73601,functional
13232,non functional
24549,non functional
49792,functional
36789,non functional
40035,functional
70871,non functional
53126,non functional
57744,non functional
30902,functional
40155,functional
55484,functional
12965,functional
1862,functional
9531,functional
21824,functional
63103,functional
66838,functional
39758,functional
15287,functional
14628,functional
12434,functional
39114,non functional
26802,functional
17956,functional
9652,functional
73221,non functional
30495,functional
25095,non functional
37362,functional
30853,functional
37450,non functional
7709,functional
71149,non functional
65429,non functional
2279,functional
58659,non functional
56347,functional
48037,functional
304,functional
60334,functional
35035,functional
1632,non functional
68282,functional
52597,functional
2155,non functional
56324,functional
53263,functional
66283,non functional
68297,functional
66942,functional
408,functional
40180,functional
16240,functional
24437,non functional
6210,functional
65242,functional
24615,functional
55748,non functional
10808,functional
49461,functional
10187,functional
30169,functional
45003,functional
29475,non functional
67368,non functional
65354,non functional
59864,functional
36107,non functional
17670,non functional
45099,functional
33315,non functional
1798,non functional
15625,functional
71041,non functional
14802,functional
70723,non functional
36579,functional
55771,non functional
11291,non functional
53452,functional
73294,functional
42193,functional
22069,non functional
32094,functional
33954,functional
65569,functional
14971,functional
53392,non functional
38014,non functional
47887,functional
427,non functional
47187,functional
57770,functional
35802,functional
5807,non functional
29766,functional
69039,non functional
25933,functional
71281,functional
66591,functional
44836,non functional
70648,functional
24112,functional needs repair
53139,functional
16115,functional
12360,functional
10119,non functional
6607,functional
17198,non functional
57604,functional
15591,functional
35030,non functional
1602,functional
44175,functional
34772,functional
60568,functional
30334,functional
46063,functional
68082,functional
51738,non functional
263,functional
34532,functional
18645,functional
1137,functional
8187,functional
59135,functional
23404,functional
33150,non functional
18511,non functional
73329,functional
73192,functional
67741,functional
43292,functional
72788,functional
61551,functional
17789,non functional
40009,functional
33599,functional
18995,non functional
42047,functional
67141,functional needs repair
1661,functional
54893,non functional
46857,functional
47355,functional
71793,non functional
43387,functional
44743,non functional
33357,functional
21868,functional
29768,functional needs repair
42053,functional
26585,functional
41862,functional
37361,functional
41897,non functional
42244,functional
55338,non functional
3315,non functional
62411,functional
44380,functional
67518,functional
14299,functional
49562,functional
56390,non functional
6721,functional
45466,non functional
34430,non functional
25314,functional
14119,non functional
8218,non functional
58826,functional
3347,functional
65209,functional
15149,functional
58611,non functional
48750,non functional
35674,functional
41961,non functional
48812,non functional
60551,non functional
42318,functional
17295,functional
3024,functional needs repair
31612,non functional
19598,functional
71357,functional
56135,non functional
64604,functional needs repair
25672,functional
44392,functional
48738,non functional
58474,functional
37377,functional
40319,functional
38029,functional
53170,non functional
50190,functional
66802,non functional
74030,functional
14612,functional
39928,non functional
7471,non functional
48430,non functional
34984,non functional
8786,non functional
2751,functional
60578,non functional
17632,non functional
20077,non functional
49407,functional
20427,functional needs repair
71368,non functional
71308,functional
18764,functional
9785,functional
1743,functional
49976,non functional
5142,functional
13224,functional
38073,functional
35711,non functional
3988,non functional
9205,non functional
46171,functional
15001,functional
33206,functional
46425,non functional
74099,functional
14041,functional
43989,non functional
28795,non functional
50777,functional
3325,functional
42215,non functional
29920,non functional
42826,functional
55212,non functional
39537,non functional
43814,functional
58252,functional
48764,functional
66818,non functional
30532,functional
53458,non functional
50722,non functional
18154,non functional
17719,non functional
5930,functional
57520,non functional
51351,functional
66807,functional
43438,non functional
20409,non functional
28130,functional
71135,functional
30875,functional
9213,non functional
33341,functional
51458,non functional
7648,non functional
63666,functional needs repair
21366,functional
18911,functional
61076,functional
26404,functional
38350,functional
16368,functional
20258,functional
7859,functional
4405,functional
13917,functional
37518,functional
16777,functional
60400,non functional
10073,functional
13350,functional
49688,functional
13955,functional
40918,non functional
13226,functional
58334,functional
17545,functional
59015,non functional
3374,non functional
24887,functional
38209,functional
46723,non functional
62578,functional
55412,non functional
73903,non functional
52049,non functional
5862,functional
15371,functional
47621,functional
21218,functional
71567,functional
65260,functional
6153,non functional
34233,functional
873,non functional
24567,functional
20024,functional
46539,non functional
14635,functional
29072,functional
35356,functional
936,functional
68838,non functional
69715,functional
21190,functional
32469,functional needs repair
73330,non functional
56572,functional
69285,functional
2874,non functional
16767,non functional
59037,non functional
9209,non functional
48673,non functional
11376,functional
63473,functional
33718,non functional
64374,non functional
20557,non functional
63068,functional
40865,functional
247,functional
22514,non functional
69849,functional
33102,functional
30549,functional
16753,functional
71400,non functional
33403,non functional
21798,non functional
20721,non functional
32707,functional
2923,non functional
67831,functional
59754,functional
35196,functional
26403,functional
38262,functional
47746,functional needs repair
15274,functional
31525,functional
60960,non functional
65784,non functional
62754,non functional
29093,non functional
34854,functional
48681,non functional
10776,non functional
6743,non functional
45227,functional
30267,non functional
23140,functional
57490,functional
4504,functional
19727,functional
71984,functional
43209,functional
72753,functional
61572,functional
18543,functional
56348,functional
66707,functional
7133,functional
46267,non functional
68267,functional
37601,functional
31118,functional
54582,functional
50499,functional
73245,non functional
43554,non functional
44886,functional
58787,functional
65470,non functional
66541,functional
62766,functional
29942,non functional
65418,functional
36825,non functional
24795,non functional
34639,functional
25307,functional
6492,non functional
71237,functional
14515,functional
12655,functional
9102,functional
55517,functional
57681,functional
7417,non functional
4109,functional
23934,non functional
61236,functional
69600,non functional
7298,non functional
53236,functional
45783,functional
60624,non functional
1003,functional
68752,functional
63430,non functional
50781,non functional
73116,functional
55839,functional
36337,functional
60805,functional
39460,functional needs repair
8652,functional
2082,non functional
33838,functional
30167,functional
58613,functional
59808,functional
40549,functional
51032,functional
4970,functional
31718,functional
7448,non functional
33039,non functional
18162,functional
54947,functional
25673,non functional
7034,non functional
39121,functional
16592,functional needs repair
58164,functional
11108,functional
57046,functional
65501,functional
15535,non functional
39945,functional
62107,non functional
19229,functional needs repair
18398,functional
60414,functional
22608,functional
72902,functional
14785,non functional
56454,functional
31862,functional
68861,functional
2418,non functional
74010,functional
63813,functional
27645,functional
73011,functional
9092,functional
66593,functional
16257,functional
37407,functional
38761,non functional
73633,non functional
54435,non functional
3892,non functional
30201,functional
66363,non functional
73327,non functional
32743,non functional
5390,non functional
33240,functional
32675,functional needs repair
37836,functional
67404,functional
28539,non functional
66098,non functional
1420,functional
15260,non functional
59666,functional
59841,non functional
70159,functional
32808,functional
6351,non functional
39453,functional
8670,non functional
46548,functional
12409,functional
47267,non functional
34963,functional
71579,non functional
50979,non functional
10509,non functional
55581,non functional
5667,functional
66458,functional
37668,functional
59805,functional
32419,functional
28922,functional
69611,functional
32593,functional
7385,functional
71543,functional
72016,functional
30969,non functional
27652,non functional
26374,functional
2102,functional
31936,non functional
10668,functional
56611,non functional
14842,non functional
67294,non functional
61106,non functional
61693,functional
18196,functional
27990,functional
17475,functional
19280,functional
43449,non functional
5510,functional
9456,functional
20064,functional
5036,functional
23634,functional
32625,non functional
232,non functional
20621,functional
73340,functional needs repair
41313,non functional
19027,functional
59172,non functional
13918,non functional
32798,functional
72071,non functional
59642,functional
25338,functional
7263,non functional
5181,functional
36311,non functional
41021,non functional
25507,functional
13061,non functional
62816,functional
34508,non functional
72432,non functional
6206,functional
38985,functional
1344,functional
56627,non functional
29762,functional
40935,functional
25881,non functional
66780,functional
70833,non functional
59072,functional
48905,non functional
37413,non functional
55075,non functional
43785,non functional
6186,non functional
20044,functional
45487,non functional
62706,functional
67613,functional
30321,functional
48653,non functional
71656,functional
60220,functional
6635,functional
73843,non functional
48882,non functional
47930,functional
34624,functional
15439,non functional
72388,non functional
48756,non functional
27367,non functional
22477,functional
3332,functional
35824,functional
63880,functional
18313,functional
68254,functional
42512,non functional
25022,functional
69433,functional
25885,functional
37208,functional
2407,non functional
37908,non functional
45697,functional
38717,functional
17405,non functional
9968,non functional
41889,functional
32909,functional
64988,functional needs repair
56035,functional
42184,functional
50180,functional
57915,non functional
50236,non functional
38455,non functional
27152,non functional
37521,functional
8563,non functional
4711,functional
34441,functional
72653,functional
61528,functional
8474,functional needs repair
23513,functional
39096,functional
55208,functional
26686,functional
4513,functional
39903,non functional
13798,functional
6638,functional
69443,non functional
11109,non functional
24523,non functional
74173,functional
10470,functional
73788,functional
10236,functional
69050,functional
12138,functional
62171,functional
23838,non functional
7231,functional
21795,functional
38367,functional
1183,functional
21848,functional
68794,non functional
72469,functional
32979,functional
57277,functional
8557,functional
32431,non functional
68921,non functional
13624,non functional
36372,functional
38226,functional
69948,functional
40076,functional
55444,functional
62398,non functional
48400,non functional
72608,functional
10086,non functional
40852,non functional
5468,functional
33190,functional
14564,non functional
14869,non functional
51708,functional
71977,functional
6962,functional
63879,functional
20272,non functional
32573,functional
60548,non functional
5993,functional
17916,functional
6751,non functional
63986,functional
21389,non functional
73177,functional
47751,non functional
45035,functional
3173,functional
49432,functional
48141,non functional
15138,functional
62090,functional
44294,non functional
44835,functional
54139,non functional
2495,functional
55173,functional
14007,functional
53406,non functional
30316,functional
21429,non functional
62649,functional needs repair
1558,non functional
57346,non functional
29688,functional
48701,functional
38968,functional
18570,non functional
7004,functional
51189,non functional
11932,functional
70807,functional
24697,non functional
23607,non functional
2725,non functional
18477,functional
45921,functional
27751,functional
11794,functional
36238,non functional
71905,functional
22407,functional
9988,non functional
32999,non functional
62709,functional
4103,functional
32031,functional
17020,functional
64049,functional
15202,non functional
54892,non functional
43269,functional
4618,functional needs repair
36531,functional
55205,non functional
10357,non functional
54833,functional
34051,functional
40950,functional
39236,functional
36553,functional
58726,non functional
36833,functional
31929,non functional
43134,functional
73212,functional
55786,functional
71695,functional needs repair
2884,functional
39952,non functional
50042,non functional
36274,non functional
41219,functional
55158,non functional
50557,functional
50278,functional
42758,functional
23619,functional
5557,non functional
63793,functional
28098,non functional
65379,functional needs repair
60409,functional
51144,non functional
58047,non functional
65689,non functional
53232,functional
29670,functional
27788,functional needs repair
4177,non functional
56600,functional
28153,functional
65805,non functional
44941,non functional
39064,non functional
71475,functional
38779,functional
27014,functional
1666,functional
56113,non functional
52151,functional
17362,functional
60418,functional
8056,functional
21412,functional
51482,functional
20255,non functional
8231,non functional
42028,non functional
45143,functional
15903,non functional
27868,non functional
52875,functional
58861,functional
47215,functional needs repair
74007,functional
17130,functional needs repair
33781,functional
41964,functional
54373,non functional
64401,functional
60230,non functional
34010,non functional
50437,functional
32418,non functional
39701,functional
100,non functional
60225,functional
48074,functional
67667,functional
40255,functional
32098,non functional
22920,non functional
18965,functional
47440,functional
11135,functional
47498,functional
48973,non functional
3430,non functional
18302,non functional
48378,functional
52348,non functional
66811,functional
62512,non functional
53350,functional
59668,functional
28773,functional
60419,functional
11105,functional
18575,functional
58045,non functional
38858,functional
18497,functional
790,non functional
23094,non functional
44515,functional
16613,functional
6060,functional
65332,functional
17058,non functional
39288,functional needs repair
30515,non functional
4680,non functional
60998,non functional
50560,functional needs repair
21892,functional
58791,functional
61369,non functional
35496,functional
3455,functional
50927,functional
23923,non functional
53428,functional
4972,functional
7299,non functional
35530,non functional
25574,non functional
37395,non functional
11519,non functional
51751,non functional
4692,functional
67733,functional
63243,functional
13209,functional
56158,functional
57466,functional
24805,functional
13175,functional
45458,functional
61168,functional
30529,functional
39736,non functional
65319,non functional
74132,functional
40091,functional
42599,non functional
2796,functional
56951,non functional
73499,functional
24219,functional
10905,functional
62780,non functional
73750,non functional
22997,functional
70130,non functional
67009,non functional
18610,functional
27274,non functional
15506,non functional
31350,functional
6648,functional
43803,non functional
55500,non functional
13986,functional
34336,functional
63118,functional
65821,functional
22918,functional
3251,non functional
29201,functional
43719,functional
69872,non functional
72307,functional
63842,functional
66400,functional needs repair
63743,functional
57662,functional
41590,functional
1028,functional
70386,functional needs repair
270,non functional
7741,functional
51494,functional
15158,functional
17745,functional
30694,functional
22353,functional
15999,non functional
44899,functional
55378,functional
60844,functional
10361,functional
10188,functional
72490,non functional
47593,functional
7684,functional
220,functional
54144,non functional
23078,functional
58501,functional
6596,functional
41353,functional
44020,functional
9845,functional
29175,functional
7436,functional
12722,functional
43260,functional
10174,non functional
56685,functional
71674,functional
65262,functional
50621,functional
23951,functional
20820,functional
42695,functional needs repair
50858,non functional
19098,functional
35504,non functional
54849,functional
29922,non functional
73657,non functional
40341,functional
15360,functional
22181,functional
10558,functional
33690,non functional
12091,functional
19435,non functional
46554,non functional
8732,functional
72557,functional
54331,functional
24883,non functional
6212,non functional
71164,non functional
1955,functional
34357,functional
46113,functional
18804,functional
13895,non functional
62758,non functional
54648,functional
72980,non functional
44161,functional
58193,non functional
41792,non functional
49261,non functional
59400,functional
65514,functional
34695,functional
30731,functional
16396,functional
74071,functional needs repair
19087,functional
18929,functional
67835,functional
40700,functional
46363,non functional
38284,non functional
10859,non functional
33674,functional
33351,functional
6000,functional
65777,non functional
69761,functional
50359,functional
25321,functional
62779,non functional
12193,non functional
26931,functional
25739,non functional
60667,functional
53203,non functional
35047,functional
67273,functional
53993,non functional
33057,functional
39913,functional
54585,functional
57391,functional
56482,functional
21138,functional
59122,functional
52626,functional
24427,functional
21877,non functional
11175,non functional
42524,functional
10208,functional
38066,non functional
72460,functional needs repair
71979,non functional
32484,functional
3816,non functional
39136,functional
21963,non functional
3302,functional
5591,non functional
32619,functional
44437,functional
2211,functional needs repair
60682,functional
35461,functional
4967,non functional
40623,functional
23657,functional
63604,functional
36388,functional
62534,functional
36461,functional
21746,non functional
34330,functional
9231,functional
34543,functional
33628,non functional
21770,non functional
28678,functional
19013,non functional
10561,non functional
57113,functional
31470,non functional
14287,non functional
65106,functional
57957,functional
39551,non functional
23716,functional
10777,functional
54436,non functional
16031,non functional
48344,non functional
61570,non functional
4872,non functional
42546,non functional
4453,functional
56558,non functional
37225,functional
28884,functional
39846,non functional
60331,non functional
22740,functional
9185,non functional
29671,non functional
35023,functional
68900,functional
43469,non functional
9278,functional needs repair
9113,functional
47859,functional
35732,non functional
18623,non functional
3257,functional
44249,functional
41407,non functional
22697,functional
29437,functional
40651,non functional
32702,non functional
67020,non functional
41809,non functional
48125,functional needs repair
10523,functional
5383,non functional
67167,functional
29495,functional
67260,functional
726,non functional
33409,non functional
16916,non functional
45300,non functional
12557,functional
70099,functional
27532,non functional
36215,functional
48476,functional
69878,non functional
26155,non functional
68065,functional
25411,non functional
66919,non functional
40268,non functional
64437,functional
60066,functional
23974,functional
31611,non functional
65998,functional
54108,functional
30953,functional
27039,functional
35535,non functional
6073,functional
39489,non functional
45024,functional
27758,functional
7177,functional
70088,non functional
41683,functional needs repair
62658,non functional
29750,functional
53215,functional
67131,functional
44809,functional
70157,non functional
6992,functional
3364,functional
54420,functional
12269,non functional
16599,functional
26923,functional
19735,functional
45120,functional
47564,non functional
62286,functional
56869,functional
41647,non functional
53720,functional
22073,functional
34016,functional
789,non functional
34849,functional
10834,non functional
73547,non functional
67445,non functional
30009,non functional
2981,functional
47271,non functional
52206,non functional
63484,non functional
17307,non functional
20945,functional
27656,non functional
11253,functional
49767,functional
42177,non functional
71985,functional
6166,functional
26303,functional
59944,functional
32659,functional
23248,non functional
12143,non functional
15566,functional
21066,non functional
38464,functional
31813,functional
28468,non functional
42358,non functional
62208,functional
17787,functional
58743,non functional
13056,non functional
36750,functional
24659,functional
59879,non functional
49085,functional
1565,non functional
52352,functional
26710,functional
65198,functional
66772,functional
11764,functional
31508,functional
53891,non functional
61932,non functional
56827,functional
69856,functional
59624,non functional
68185,non functional
24241,functional
25647,non functional
52324,functional
30638,functional
35327,functional
14648,functional
20156,non functional
19081,non functional
67106,non functional
14555,non functional
35700,functional
4803,non functional
62978,non functional
19269,functional
26903,functional
30234,non functional
41519,functional
73264,functional
73004,functional
22020,functional
22263,functional
64078,functional
60197,non functional
14185,functional
55570,non functional
29746,functional
9360,non functional
14935,functional
58508,functional
31082,functional
32612,non functional
45879,functional
23881,functional
39417,non functional
17959,non functional
67604,functional
65521,functional
68016,non functional
19695,functional
40113,functional
8443,non functional
42485,non functional
42720,non functional
9537,functional
26267,functional
24035,functional
10226,functional
47028,functional
47207,functional
16559,non functional
33868,functional
11422,non functional
56888,functional
3108,functional
48828,functional
34023,functional
44658,non functional
52593,functional
3040,non functional
6829,functional
4673,functional
3499,functional
17949,functional
63394,functional
10159,functional
48217,non functional
44960,functional
5397,functional
6996,functional
66197,functional
4376,functional needs repair
85,functional
44479,functional
70067,functional
62364,functional needs repair
49597,functional
9830,non functional
33917,functional
10598,functional
59390,functional
54288,functional needs repair
63314,functional
52861,functional
7475,functional
45352,non functional
71730,non functional
65882,functional
6997,functional
68972,functional needs repair
2064,functional
65182,functional
27626,non functional
9024,non functional
33719,non functional
73229,non functional
23876,non functional
9282,non functional
10705,non functional
39080,non functional
60222,functional
7205,functional
27194,functional
61832,functional
22547,functional needs repair
8431,functional
59404,non functional
73413,functional
31624,functional
11456,functional
28826,functional
31610,non functional
3182,functional
44786,non functional
21835,functional
23067,non functional
14486,functional
22929,functional
13884,functional
20965,functional
74024,functional
42108,non functional
1483,non functional
47026,functional
16356,non functional
57245,functional
4953,functional
70577,functional
62495,functional
2578,non functional
63534,functional
70160,functional
65946,functional
65908,non functional
19025,functional
53654,functional
26930,functional
38870,functional
9991,functional
36580,functional
52494,functional
12054,non functional
28427,functional
50614,functional
2456,non functional
27366,non functional
38417,functional
57240,functional
69146,non functional
36139,functional
44846,functional
41853,non functional
71306,functional
48902,functional
58072,functional
24744,non functional
70781,non functional
7736,functional
37497,functional
10671,functional
47335,non functional
30147,non functional
7026,functional
24229,functional
29451,non functional
50016,functional
20397,functional
48840,functional
56020,non functional
52122,functional
18322,functional
51296,functional
33951,functional needs repair
10116,functional
39021,functional
28269,functional
25176,functional needs repair
51108,non functional
57511,functional
131,non functional
20818,non functional
18685,functional
59708,functional
8780,functional needs repair
57850,functional
19520,non functional
55299,functional
19421,functional
6806,non functional
19429,functional
44568,non functional
17311,non functional
7827,functional
67221,functional
69803,functional
39771,functional
54206,non functional
70278,non functional
11631,functional
47897,non functional
54184,non functional
21662,functional
22557,non functional
61755,non functional
29977,functional
28121,functional
61978,functional
71029,functional
59965,non functional
71545,functional
41633,functional
39352,non functional
31151,functional
66436,functional
63946,functional
3593,functional
26620,functional
38188,functional
34213,functional
21118,non functional
4549,functional
53298,functional
71996,functional
26116,functional
49245,non functional
35201,functional
60753,functional
62945,non functional
53722,functional
364,functional
53340,non functional
37073,functional
21170,non functional
2000,functional
6847,functional
64167,non functional
22019,non functional
29755,functional
24897,functional
53849,functional
41234,non functional
58249,non functional
5760,functional
34643,functional
45589,functional
912,non functional
35302,functional
38801,functional
25332,functional
16840,functional
13684,functional
72162,non functional
30220,non functional
71433,non functional
45345,functional
71586,functional
12737,non functional
45091,functional
7357,functional
64285,functional
26149,functional
65267,functional
30909,functional
55191,non functional
66174,functional
2852,functional
20244,non functional
43495,non functional
57193,functional
21818,non functional
63359,functional
69346,functional
7191,functional
22787,non functional
70663,functional
27137,functional
71027,non functional
6246,functional
18109,non functional
60896,functional
67951,non functional
11645,functional
39245,functional
11979,non functional
70097,functional
71971,non functional
58935,functional
14900,functional
11977,functional
15008,non functional
28628,non functional
36240,functional
15945,functional needs repair
38705,non functional
1121,functional
14708,functional
14151,functional
7318,non functional
63612,functional needs repair
3321,functional needs repair
73632,functional
72355,functional
63841,functional
18006,functional
13220,functional
52088,functional
14865,functional
66261,functional
50644,functional
71461,non functional
43239,non functional
32291,functional needs repair
48116,non functional
27614,functional
64045,functional
58618,non functional
35743,non functional
61954,functional
64801,functional
63661,functional
41537,non functional
11942,functional
66097,functional
24266,functional
32300,non functional
52092,non functional
42912,functional
50498,functional
23828,non functional
31425,functional
62487,functional
1901,non functional
27458,functional
13259,non functional
64747,functional
11095,functional
50055,non functional
69031,functional
65877,non functional
10858,functional
67726,functional
46822,functional
43818,functional
16988,non functional
12913,functional
36997,functional
7301,functional
32415,non functional
50308,non functional
62020,functional
29268,functional
74184,non functional
67687,functional
42816,functional
547,functional
25410,functional
73791,functional
54494,non functional
50634,functional
20889,functional
20603,functional
6151,functional
55569,functional
35221,non functional
67630,functional
30611,functional
28075,non functional
35852,non functional
63586,non functional
62562,non functional
7228,functional
57333,functional
13609,functional
14483,non functional
56101,non functional
14046,non functional
42124,functional
26183,functional
58184,functional needs repair
40983,functional
14256,functional
55150,non functional
1819,functional
24155,functional
65836,functional
30949,functional
27156,non functional
5851,functional
20570,non functional
32080,functional
26196,functional
31604,non functional
43726,functional
20318,functional
10512,functional
69352,functional
4765,functional
63436,functional
42382,non functional
9364,functional
49404,non functional
154,non functional
59676,functional
18190,functional
18521,functional
65305,non functional
5098,functional
47491,functional
48637,non functional
45632,functional
52421,functional
39864,functional
8323,non functional
52187,non functional
68150,functional
26021,non functional
40994,non functional
72334,non functional
41898,functional
13086,functional
15817,functional
38866,functional
53443,functional
36477,non functional
41328,functional
61130,functional
38685,non functional
56234,functional
43896,non functional
10007,functional
2049,functional
2544,functional
22483,functional
36236,non functional
72219,functional
10911,non functional
30975,functional
9607,functional
62746,functional
47902,non functional
19083,functional
61474,functional
6625,functional
41287,functional
50653,non functional
7236,functional
34575,functional
13491,functional
56664,functional
62968,functional
61977,non functional
50335,functional
56890,functional
58685,functional
63351,non functional
22616,functional
36408,functional
42175,non functional
17170,functional
18092,functional
43530,non functional
32032,non functional
53946,non functional
24384,functional
23485,functional
33324,functional
27123,non functional
43713,non functional
57102,functional
33066,functional
22634,functional
36820,functional
27682,non functional
4956,functional
30477,functional
34585,functional
561,non functional
28404,functional
69329,non functional
13287,functional
26832,functional
61232,functional
20718,functional
35046,functional
3649,functional
32886,functional
18691,functional
11414,functional
40886,non functional
53817,functional
32305,non functional
41754,non functional
35451,non functional
49989,functional
11782,non functional
51187,non functional
23879,functional
73248,functional
15989,functional
30014,functional
40533,functional
52854,functional
44792,functional
11353,functional
49867,non functional
47636,functional
65130,functional
66362,non functional
54916,non functional
64207,functional
36083,non functional
22654,functional
41793,non functional
10967,non functional
54923,functional
69759,functional needs repair
38964,functional
42772,functional
69135,functional
69271,functional
32902,functional
44978,functional
58649,non functional
65478,functional
7424,functional
69040,functional
26921,functional
21918,functional
27265,functional
10833,non functional
63206,functional
19867,non functional
32141,non functional
16989,functional
20013,functional
27820,functional
21735,non functional
40269,functional
36572,functional
30225,functional
52922,functional needs repair
63074,non functional
11357,non functional
64037,functional
7174,functional
64017,functional
46109,functional
31830,functional needs repair
28424,non functional
17075,functional
8785,functional
71436,non functional
35351,functional
22310,functional
1274,functional
16768,functional
68780,non functional
14777,functional
9387,functional
30056,functional
39410,functional
63287,functional
17573,non functional
34068,non functional
8540,functional
8151,functional
65485,functional
30843,non functional
72265,functional
43366,functional
35135,functional
60107,functional
35576,non functional
7773,functional
31904,functional
17473,functional
56891,functional
11626,functional
41523,non functional
73662,non functional
2581,functional
65447,functional
25322,functional
25020,functional
69812,functional
73511,functional
73564,non functional
18359,non functional
20730,non functional
38709,functional
14368,non functional
72510,functional
59861,non functional
50657,functional
50259,non functional
28611,functional
61030,functional
42249,non functional
57372,functional
29808,non functional
56189,functional
40512,functional
67683,functional
50217,functional needs repair
6238,functional
55092,non functional
54937,non functional
4588,functional
18308,non functional
23029,functional
49875,non functional
11068,functional
31919,functional
70919,functional
23681,functional
61216,non functional
35967,functional
11113,non functional
52776,functional
11507,functional
33211,functional
71106,functional
36196,functional
56613,non functional
13083,functional
55972,functional
8125,non functional
68705,non functional
9122,functional
40241,non functional
64913,functional
28023,functional
71884,non functional
48960,functional
17188,functional
4518,functional
37148,functional
64386,functional
20674,functional
69859,functional
6934,functional
65772,functional
26950,non functional
12063,non functional
7580,functional
70270,functional
49725,non functional
21578,non functional
12369,functional
69891,non functional
46214,functional
11623,non functional
45308,functional
71940,non functional
52306,functional
50489,functional
22746,functional
19079,non functional
33114,non functional
3463,functional
61924,non functional
38167,functional
23522,functional
25823,functional
31339,functional
29157,non functional
73357,functional
38392,functional
29645,functional
10284,non functional
46816,non functional
9295,functional
47183,functional
6256,functional
2203,functional
29516,non functional
8410,functional
32168,non functional
58859,functional
39529,functional
27294,functional
33250,functional
36057,functional
10031,non functional
2151,functional
552,functional
61887,functional
31335,non functional
8617,functional
46760,functional
26805,functional
67486,non functional
45591,functional
47694,functional
21355,non functional
31189,functional
38432,functional
43462,non functional
36894,functional
61686,functional
54784,functional
53768,non functional
33461,functional
68492,functional
18401,functional
42483,functional
7955,non functional
71365,functional
33389,non functional
26479,non functional
28333,non functional
60249,functional
8138,functional
18306,non functional
62623,non functional
70923,non functional
32198,non functional
15752,non functional
42530,functional
72147,non functional
16153,functional
56416,non functional
32792,non functional
3670,functional
43650,functional
49763,non functional
3778,functional
69500,functional
72245,functional
62028,functional
36924,functional
64979,non functional
40626,non functional
71906,non functional
27998,non functional
47988,functional
32027,functional
51245,functional
38203,functional
34442,functional
70011,non functional
24399,functional
3942,non functional
34602,non functional
58605,functional
3742,functional
5186,non functional
18632,functional
73753,non functional
3227,non functional
58525,functional
11918,functional
25996,non functional
50926,functional
25228,functional
24064,non functional
22168,functional
47754,functional
21654,functional
19626,functional
20166,non functional
11838,non functional
7250,functional
68797,non functional
54602,functional
21047,non functional
41101,functional
29037,functional
36857,non functional
47853,functional
4927,functional
389,functional
62303,functional
43383,functional
30752,functional
3925,functional
51957,functional
45104,functional
61591,non functional
8351,non functional
5572,functional
21826,functional
10314,functional
47519,functional
57157,non functional
7546,functional
72498,non functional
8864,functional
34537,non functional
59266,non functional
8796,functional
27254,functional
12933,functional
2882,functional
23001,functional
4779,functional
32891,non functional
43294,functional
13902,functional
563,non functional
49047,functional
69035,functional
12080,non functional
10963,functional
45499,non functional
53809,functional
5382,functional
27556,functional
73572,non functional
9125,non functional
1049,non functional
52787,non functional
70961,functional
64603,non functional
38332,functional
29099,non functional
217,non functional
21899,non functional
2869,functional
67871,functional
51288,non functional
38923,functional
56426,non functional
4167,non functional
60839,functional
55835,functional
67421,functional
34155,functional
28227,functional
42874,non functional
18052,non functional
40309,functional
41812,functional needs repair
30087,functional
42079,non functional
11417,functional
62282,functional
40435,non functional
41614,functional
36828,functional needs repair
68891,non functional
18652,non functional
56310,functional
54428,non functional
18151,functional
52518,functional
3313,functional
66690,non functional
2382,functional
50611,non functional
5620,functional
45633,non functional
56962,non functional
30501,functional
56112,functional
1024,functional
14503,functional
58854,non functional
621,non functional
43715,functional
44491,non functional
45159,non functional
16346,non functional
9097,functional
24390,functional
37206,non functional
55932,non functional
31489,non functional
24085,functional
27502,non functional
38662,functional
68248,functional
26736,functional
62767,functional
29238,non functional
8312,non functional
73263,non functional
22628,functional needs repair
47457,functional
61836,functional
62960,functional
74241,functional
65346,functional
30125,functional
18470,functional
1745,functional
17578,functional
4843,non functional
68578,functional
60536,non functional
69942,functional
18643,functional
23359,non functional
61625,non functional
61553,functional
4682,functional
29748,functional
51741,non functional
73921,non functional
9883,functional
3145,non functional
43936,functional needs repair
54231,functional
47322,non functional
1869,functional
57437,non functional
67493,functional
58194,functional
10626,non functional
45361,non functional
31200,non functional
21571,functional
52224,non functional
29094,non functional
29447,non functional
10172,functional
48203,functional
56867,non functional
72249,functional
23092,functional
10492,functional
26995,non functional
33481,non functional
68763,functional
37599,functional
24662,functional
6090,functional
22924,non functional
24833,functional
27684,functional
24134,functional
68397,non functional
46432,functional
53687,functional
64324,functional
39881,functional
19067,non functional
37165,functional
5608,non functional
37930,functional
53902,functional
63242,non functional
60228,functional
10483,functional
33174,non functional
56544,functional
40995,functional
16348,functional
65937,functional
47466,functional
15020,non functional
64135,functional
35710,functional
67569,functional
3000,functional
30153,functional
40291,non functional
53063,non functional
20855,functional
42569,functional
7422,functional
38147,functional
66433,non functional
33962,non functional
5157,non functional
15146,non functional
41321,functional
35584,functional
61931,functional
8313,functional
3745,non functional
21322,functional
53245,functional
42042,non functional
19198,non functional
14382,non functional
17990,non functional
26047,non functional
54779,functional needs repair
23301,non functional
55632,functional
22508,functional
70661,non functional
26086,functional
62791,functional
11674,functional
41721,functional
29882,non functional
6597,functional
15140,non functional
40153,functional
47738,non functional
48275,non functional
45330,functional needs repair
36289,non functional
65396,non functional
17847,non functional
51259,non functional
12671,functional
35608,functional
6719,non functional
54606,functional
52004,non functional
20873,functional
41885,non functional
50368,non functional
6540,functional
28349,non functional
15601,functional
11778,functional needs repair
71241,functional
4589,non functional
40817,functional
27341,non functional
63749,functional
43960,non functional
4401,functional
2941,functional
9834,functional
71721,functional
57878,functional
24689,functional
59358,functional
7114,functional
34705,non functional
7346,functional
45972,functional
15874,non functional
70535,non functional
70688,non functional
19184,functional
11347,functional
27858,functional needs repair
60065,functional
7353,non functional
48261,non functional
6107,non functional
51466,functional
54716,functional
12229,functional
41159,non functional
2831,functional
68502,functional
12026,non functional
20464,functional
22839,functional
34558,functional
70568,functional
6885,non functional
50946,functional
21456,non functional
14958,functional
40355,functional
21618,functional
69047,functional
55275,non functional
72033,functional
68560,functional
54696,non functional
33914,functional
67916,non functional
8162,non functional
7001,functional
14856,functional
45848,functional
57430,non functional
20057,functional
8402,non functional
743,functional
62335,non functional
41455,functional
56709,non functional
20439,functional
47955,functional
5281,functional
70268,functional
68550,non functional
67128,functional
23921,functional
66795,functional
51302,functional
42470,non functional
66630,functional
27482,functional
31101,functional
56240,functional
10852,functional
66676,non functional
7425,functional
12518,functional
15205,functional
27871,non functional
27842,functional
16591,functional
47005,functional
3466,functional
34734,non functional
11786,non functional
62938,functional needs repair
52715,functional
28624,non functional
51523,functional
55155,functional
61763,functional
14357,functional
14431,functional
40579,non functional
23798,non functional
41318,non functional
32274,functional
66254,functional
18216,functional
21020,functional
21369,non functional
49931,functional
1020,functional
14472,functional
42357,non functional
11680,functional
9140,non functional
12479,functional
48420,functional
61080,functional
28641,non functional
21741,functional
57250,functional
32368,functional
61651,functional
46543,functional
20527,functional
32379,functional
67402,non functional
68669,functional
14537,functional
19512,non functional
39821,functional
68286,functional
70053,non functional
29474,functional
54475,functional
8783,functional
37295,functional
15136,non functional
15784,non functional
69288,functional
71760,non functional
30980,non functional
31139,functional
8238,functional
28368,non functional
46587,functional
35443,functional
61593,non functional
45596,functional
70470,functional
21361,non functional
54082,functional
7927,functional
70259,non functional
64290,functional
31030,functional
41893,functional
30278,non functional
35328,non functional
40860,functional
7588,functional
33642,non functional
64853,functional
71595,functional
36729,functional
22195,functional
56211,functional
70074,functional
1826,non functional
53284,functional
68837,functional
65650,non functional
9261,functional
15321,non functional
59398,functional
63740,functional
9045,non functional
36222,functional
9432,functional
11205,functional
6645,non functional
27873,functional
38255,non functional
1131,non functional
35413,functional
47597,functional
32749,functional
7762,non functional
62124,functional
13990,functional
19364,functional
64606,non functional
407,functional
2255,functional
18300,non functional
13361,functional
38375,functional
1372,non functional
30255,non functional
33602,non functional
28895,functional
74092,functional needs repair
38318,functional
55149,functional
35546,non functional
16340,functional
18981,non functional
63164,functional
49943,functional
10413,functional
6608,non functional
52848,functional
6819,functional
36003,non functional
32453,non functional
59909,functional
45768,functional
19891,non functional
41497,non functional
35469,functional
32890,functional
56303,functional
47352,functional
23663,non functional
15906,functional
59434,non functional
68087,functional
32344,functional
67015,non functional
1589,non functional
34091,functional
5526,functional
69400,functional
10539,functional
70066,functional
44767,non functional
27875,functional
32267,functional
62482,non functional
64827,functional needs repair
62456,non functional
18979,non functional
45976,non functional
60055,functional
61337,non functional
2758,non functional
16172,functional
19503,non functional
40722,non functional
3424,non functional
949,non functional
39896,non functional
60638,functional
71659,functional
61973,non functional
18291,functional
74234,non functional
755,non functional
56245,non functional
52684,non functional
48339,functional
35290,functional
68882,non functional
41819,functional
35246,functional
24939,non functional
43599,functional
63218,functional
46983,functional
6745,functional
48381,functional
59523,functional
46352,non functional
11650,functional
34053,functional
57123,non functional
27270,functional
64323,functional
37310,functional
54712,functional
29677,functional needs repair
62928,functional
51027,non functional
29902,functional
19377,functional
13604,functional
33537,non functional
51044,functional
33854,functional
35086,functional
31927,functional
12477,functional
17951,functional
1540,functional
37214,functional
19726,non functional
63957,functional
71796,functional
51198,non functional
18144,functional
38915,non functional
60463,non functional
18628,functional
6395,functional
41532,functional
5706,non functional
25730,functional
43039,functional
13118,non functional
65907,functional
33536,non functional
2741,functional
25478,functional
4893,non functional
49600,functional
44734,functional
16572,non functional
60201,non functional
10792,functional
12124,functional
55179,functional
29965,functional
22251,functional
3221,non functional
6276,functional needs repair
23597,non functional
28292,functional needs repair
29417,functional
21680,functional
64540,functional
23272,non functional
16522,functional
31337,functional
63547,functional
18607,functional
14721,functional
38671,functional
31569,functional
50559,non functional
20548,non functional
62680,functional
3157,functional
69499,functional
61489,functional
47777,functional
23762,non functional
29739,functional
63042,functional
611,non functional
49530,non functional
34608,functional
37292,functional
70216,non functional
27932,non functional
16471,functional
67952,functional
32739,functional
51282,functional
59070,functional
34332,functional
27178,functional needs repair
56188,non functional
43116,functional
6491,functional
73429,functional
13802,functional
24927,non functional
23180,non functional
9877,functional
23343,functional
11737,non functional
6687,non functional
42794,non functional
62820,functional
65206,functional
57544,functional
12716,functional
67416,functional
25263,non functional
11286,functional
19787,functional
3917,functional
57951,functional
39343,non functional
64563,functional
58651,functional
44351,non functional
39349,functional
39074,functional
49521,functional
16587,functional
25949,non functional
39372,functional
19089,non functional
67665,functional
57982,functional
24130,non functional
32158,non functional
65631,non functional
48335,functional
13837,functional
71873,functional
24730,functional
9820,non functional
50039,functional
35310,non functional
27305,non functional
884,non functional
52751,functional
24975,functional
63414,functional
45031,functional
25010,functional
7967,non functional
73755,functional
9827,functional
23492,functional
6998,non functional
24759,functional
9748,functional
18655,functional
5109,non functional
7825,functional
39552,non functional
53765,functional
16337,non functional
11358,non functional
9216,non functional
43778,non functional
16902,non functional
17929,non functional
36249,functional
23309,non functional
74248,non functional
19439,non functional
25898,non functional
24986,non functional
57336,non functional
4832,functional
38655,non functional
58378,non functional
66260,functional
67172,functional
19001,functional
54332,functional
4193,functional
57425,non functional
63728,functional
39524,functional
23751,non functional
58527,functional
43882,functional
52184,non functional
40382,non functional
54510,non functional
4342,non functional
273,functional
52945,functional
67138,non functional
23133,non functional
59363,functional
55495,functional
15034,non functional
10924,non functional
29706,non functional
9312,functional
6069,functional
26188,functional needs repair
40878,functional
13063,non functional
45773,functional
15947,functional
35612,non functional
23649,functional
19240,functional
44496,functional
5712,functional
50983,functional
61769,functional
41303,functional
46055,functional needs repair
58101,functional
67166,functional
66185,non functional
69637,functional
40731,non functional
9018,non functional
23947,functional
43533,functional
65063,non functional
19559,functional
997,non functional
43558,non functional
53925,functional
54559,non functional
67967,functional
24383,non functional
54706,functional
56522,functional
65880,functional
29592,non functional
11836,functional
71346,functional
61770,non functional
26205,functional
64339,non functional
25328,functional
29322,non functional
38187,functional
57299,functional
55048,functional
22775,functional
16734,functional
73924,functional
13576,non functional
10272,functional
67331,non functional
31359,non functional
58373,non functional
10034,non functional
71848,functional
23826,functional
32744,functional
840,functional
61653,functional
58492,functional
55836,functional
67474,non functional
33989,functional
73951,functional
3404,functional
59875,functional
67346,functional
23936,functional
57758,non functional
12935,non functional
251,non functional
21886,functional
28989,non functional
70127,non functional
53062,non functional
30891,functional
41918,non functional
29538,functional
18328,functional
14412,functional
11893,non functional
72023,functional
66343,non functional
45382,functional
23285,non functional
57381,functional
8369,non functional
66506,functional
23899,functional
27444,functional
30988,non functional
61062,functional
50980,functional
31529,functional
44539,functional
47819,non functional
34276,non functional
31288,functional
51303,functional needs repair
73437,functional
26960,functional
68632,non functional
66792,non functional
39714,functional
52431,non functional
72339,functional
46060,functional
20038,functional
4705,non functional
67912,non functional
11300,functional
72175,non functional
42554,functional
58123,non functional
26228,functional needs repair
143,functional needs repair
63371,functional
64300,functional
31506,non functional
54092,functional
18340,functional
24853,non functional
40667,functional
60777,functional
51544,non functional
23956,functional needs repair
51949,non functional
15018,non functional
23297,functional
25254,non functional
17197,functional
34104,non functional
48087,non functional
58320,functional
73267,non functional
7178,non functional
4655,non functional
57125,non functional
41727,functional
43747,functional
29590,functional
51445,functional
24095,functional
13053,functional
19393,non functional
11014,functional
60530,functional
16742,functional
868,functional
37318,functional
58406,functional
9653,non functional
45969,functional
55394,functional
55438,functional
27577,functional
66448,non functional
5358,functional
4917,non functional
38435,functional
44847,functional
20072,functional
63901,non functional
68694,non functional
68379,functional
65892,functional
51758,functional
10710,non functional
6181,functional
32635,functional
62802,functional
59997,non functional
54943,functional
3341,functional
56195,non functional
39420,non functional
49133,functional needs repair
8246,functional
29691,non functional
26966,functional
50023,functional needs repair
54945,functional
39311,non functional
33712,functional
47595,non functional
33796,functional
29442,functional
64886,non functional
28219,functional
428,functional
3389,functional
12704,functional
31516,functional
61603,non functional
16106,functional
30129,functional
73629,functional
41192,non functional
61884,non functional
59911,non functional
11365,non functional
10842,non functional
66410,functional
5794,functional
7030,functional
61156,non functional
2899,functional
50427,non functional
37335,non functional
58849,non functional
6709,functional
73342,functional
22016,non functional
41104,non functional
58528,functional
3382,functional
58786,non functional
37823,non functional
28489,functional needs repair
10083,non functional
29265,non functional
34180,functional
3981,functional
72834,non functional
69471,functional
25509,functional
70377,functional
12042,non functional
17640,non functional
39478,functional
30666,functional
1334,functional
41309,functional
61662,functional
73538,functional
56179,functional
49459,non functional
40400,functional
71321,functional
1933,functional
11588,functional
7723,non functional
34645,functional
66421,functional needs repair
32241,functional
35629,non functional
29833,functional
36133,non functional
68419,functional
62493,non functional
33182,non functional
41748,non functional
43826,non functional
28717,non functional
23041,non functional
10827,functional
61253,functional
57576,functional
45878,non functional
49563,functional
19942,non functional
59439,non functional
29832,non functional
1506,functional
73427,functional
20066,functional needs repair
66861,functional
57423,functional
64571,functional
37169,functional
208,functional
60653,functional
37992,non functional
29,non functional
3064,functional
8913,non functional
68760,non functional
19771,functional
21587,functional
21249,non functional
18609,functional
18061,non functional
63915,functional
55956,functional
19951,functional
52334,non functional
53044,functional
32658,functional needs repair
50768,functional
4698,functional
70504,functional
62900,functional needs repair
61252,non functional
24329,functional
42166,functional
57842,functional
23626,functional
11324,functional
453,non functional
22711,functional
38771,functional
5522,functional
63290,non functional
53325,non functional
18627,functional
45387,functional
51002,functional
12017,non functional
60825,non functional
48806,non functional
30481,functional
46281,functional
15315,functional
33035,non functional
6167,functional
61552,non functional
40352,functional
37192,non functional
73888,non functional
15771,functional
1065,functional
41090,non functional
59355,non functional
40603,functional
72034,non functional
68687,functional
27191,functional needs repair
38682,functional
27793,functional
36345,non functional
731,functional
64209,non functional
41965,functional
64891,non functional
55958,functional needs repair
35363,functional
32592,functional
5012,functional
28270,non functional
30227,functional
42632,non functional
55479,functional
53427,functional
59914,functional
18309,functional
4055,non functional
65899,functional
32411,functional
38077,non functional
15620,non functional
7342,functional
13556,non functional
975,non functional
28201,functional
35492,functional needs repair
46048,non functional
17110,functional
56296,functional needs repair
65226,functional
55386,non functional
54250,functional
53090,functional
30328,functional
19028,functional
21926,functional
45133,functional
4855,functional needs repair
2832,functional needs repair
56642,non functional
12285,functional
7000,functional
49099,non functional
72346,functional
47251,non functional
39390,functional
16876,functional
21438,functional
42308,non functional
23868,non functional
16647,non functional
15275,functional needs repair
25082,functional
43571,non functional
30303,functional
45726,functional
12453,non functional
3047,functional
54286,functional needs repair
60038,functional
38503,functional
23564,functional
23511,functional
67467,functional needs repair
23163,functional
60717,functional
33412,functional
22811,functional
30771,functional
1923,non functional
17453,functional
4498,functional
50877,functional
36462,functional
60303,functional
62584,functional
17153,non functional
24469,functional
33840,functional
44998,functional
54694,non functional
64779,functional
40730,non functional
19182,non functional
12567,non functional
48915,non functional
2039,non functional
55896,functional needs repair
20662,non functional
70985,non functional
23669,functional
8449,functional
49106,functional
51497,functional
15517,functional
43234,functional
69181,functional
33746,functional
18642,non functional
45027,non functional
23403,non functional
53897,functional
16125,functional
1419,non functional
30942,functional
66300,non functional
5529,non functional
72022,functional
65202,functional
74074,non functional
6075,non functional
3178,non functional
65151,functional
24829,functional needs repair
20716,non functional
43988,non functional
32930,functional
72494,functional
72952,functional
28180,functional
66512,non functional
48258,functional
16160,non functional
16022,functional
15662,functional
62551,functional
58577,functional
53111,functional
69736,functional
7427,functional needs repair
63505,functional
27246,functional
39240,non functional
36078,functional
27600,functional
47259,non functional
49176,functional
15470,functional
36098,non functional
73544,non functional
14902,functional
49920,functional
26055,non functional
44564,non functional
47882,functional
71004,functional
38572,functional
35471,functional
33244,functional
62963,functional
17338,functional
4814,functional
6505,non functional
31999,functional
40741,functional
70017,functional
4419,non functional
64634,functional
57538,non functional
63263,functional
66379,functional
63646,functional
57999,non functional
17339,non functional
20437,functional
32647,non functional
44531,functional
36655,non functional
52705,non functional
27883,functional
56621,functional
60792,functional needs repair
16298,functional
10372,functional
22346,functional
59691,non functional
38740,functional
303,functional
73402,non functional
53950,functional
11216,functional
47505,non functional
17838,functional
35474,functional
46381,non functional
60312,non functional
39090,non functional
24742,functional
11783,non functional
22599,non functional
43931,functional
29020,functional needs repair
64647,non functional
22764,non functional
50133,functional
13498,functional
40788,functional
61499,functional
38694,non functional
6140,functional
66728,functional
60413,functional
39963,non functional
29797,functional
35041,functional
73386,functional
44448,functional
50783,functional
31555,functional
73952,functional
69355,functional
19111,non functional
635,non functional
23883,functional
6690,non functional
44274,non functional
25081,functional
20710,non functional
73617,functional
27937,functional
10108,functional needs repair
5849,non functional
7848,non functional
704,functional
40327,non functional
30219,non functional
73638,functional
16688,functional
14012,functional
57519,functional
6771,functional
41671,functional
58994,functional
58980,non functional
4935,non functional
29178,functional
9533,non functional
57766,functional
5411,functional
68513,functional
22622,non functional
27092,functional
48553,functional
24346,functional
9665,functional
61540,non functional
41357,non functional
42138,functional needs repair
23218,functional
22604,functional
27284,non functional
60200,non functional
7573,non functional
59143,functional
73321,non functional
31590,functional needs repair
41036,functional
2170,non functional
54880,functional
3605,functional
65642,functional
27440,non functional
1099,functional
42148,functional
69024,functional
18824,functional
21058,functional
43375,functional
20698,non functional
23752,functional
69014,functional
25154,functional
21604,functional
1407,functional
12686,functional
891,non functional
30835,non functional
27885,functional
34836,functional
37512,functional
10075,functional
48483,functional
44347,non functional
70829,functional
16391,non functional
21298,non functional
4023,functional
72636,functional
259,functional
4961,non functional
65780,functional
35844,non functional
55882,non functional
39765,functional
10301,functional
8569,non functional
52972,non functional
72592,non functional
35207,non functional
71608,non functional
57197,functional needs repair
28513,functional
11477,functional
36041,functional
6382,non functional
49158,non functional
62048,non functional
48467,functional
48565,functional
16775,functional
19897,functional
58138,functional
67366,functional needs repair
50450,functional
45815,functional
63874,functional
69159,functional
4767,functional
41508,functional
27934,non functional
39386,functional
64159,non functional
31464,functional
4820,functional
28743,functional
25980,functional
48551,functional
73156,functional
27126,functional
44495,functional
29884,functional
49640,functional
16434,non functional
58694,non functional
62064,functional
56502,non functional
37379,functional
51880,functional
47791,functional
660,non functional
70015,non functional
57769,functional
10971,functional
52009,functional
56767,non functional
56285,non functional
3429,functional
46399,functional
22290,non functional
71086,functional
31742,non functional
29307,non functional
26089,functional
63673,functional
22169,functional
66731,functional
69919,non functional
66730,functional
25173,functional
25004,non functional
9726,non functional
19296,non functional
60261,non functional
9380,non functional
959,functional
5547,functional
22945,non functional
43757,functional
41580,functional
67957,non functional
10039,functional
45305,functional
40192,functional
28030,functional
38006,non functional
65232,functional
57996,functional
56370,non functional
29050,functional
56820,functional
2709,functional
2702,functional
67013,non functional
46274,functional
18369,functional
163,functional
3018,non functional
32725,non functional
37552,functional
67863,functional
36522,functional
51401,functional
60607,functional
38468,functional
9451,non functional
11514,functional needs repair
57382,functional
8094,non functional
45517,functional
44945,non functional
42958,functional
6364,functional
31745,functional
12660,non functional
55609,functional
6609,functional
9118,functional
19750,non functional
60263,functional
29368,functional
48179,functional
913,functional
21610,non functional
4279,functional
61702,functional
24295,non functional
31029,functional
34917,functional
54143,functional
48165,functional
61165,non functional
3511,non functional
27673,functional
46990,functional
33691,functional needs repair
51567,functional
43215,functional needs repair
26957,functional
33416,functional
55952,non functional
15766,functional
40855,functional
27807,functional
46443,functional
18208,functional
7068,functional
62712,functional
53375,functional
53895,functional needs repair
5245,non functional
72156,functional
17641,functional
55850,functional
35754,functional
61865,non functional
37403,functional
64752,functional
56021,functional
65703,non functional
1001,functional
31824,non functional
18836,functional
3885,functional
14118,functional
20043,functional
9612,non functional
22011,functional
46128,non functional
60875,non functional
66936,functional
58928,functional
15412,non functional
58470,functional
14158,non functional
71685,functional
34218,non functional
20975,functional
23201,functional
36029,functional
47768,functional
15811,functional
15696,functional
26130,functional
66582,functional
57266,non functional
16803,functional
36212,functional
67234,non functional
70204,non functional
2576,functional
47817,non functional
16554,functional
10014,functional
39649,non functional
21768,functional
13382,functional
38340,functional
54059,non functional
48319,functional
70126,functional
7445,non functional
22399,functional
48663,functional
62521,functional
12931,functional
32399,functional
28936,non functional
69515,non functional
42812,functional needs repair
10462,non functional
66822,non functional
65092,non functional
10106,non functional
31244,non functional
70198,non functional
68129,non functional
127,functional
44277,non functional
12395,non functional
46254,functional
65302,functional
29662,functional
37879,functional
65504,functional
8782,functional
29363,functional
38629,functional
55273,functional
11060,non functional
29588,non functional
12349,non functional
29301,functional
1867,functional
1566,functional needs repair
24729,non functional
63618,functional needs repair
18506,non functional
52835,functional
54804,functional
5439,functional
42479,non functional
42295,functional
35892,functional
37244,functional
47451,non functional
48106,non functional
58363,non functional
43867,functional
19137,functional
72547,functional
26651,functional
29690,non functional
56624,functional
28138,functional
14055,non functional
45586,non functional
8651,non functional
6713,functional
42016,non functional
8693,non functional
47285,non functional
1098,functional
56061,functional
20581,functional
40565,non functional
36285,functional
54774,non functional
68375,functional
72467,functional
10343,functional
60133,non functional
40840,functional
23350,functional
26480,functional
5532,non functional
14605,functional
36089,non functional
13031,functional
33733,non functional
63005,non functional
18828,non functional
59725,functional
23138,functional
72526,functional
43112,non functional
3866,non functional
23155,functional needs repair
8558,non functional
60953,non functional
18884,functional
35438,functional
56008,functional
39761,functional
41981,non functional
38576,functional
56871,functional
917,functional
47737,non functional
69446,functional
2626,functional
25271,functional
34646,functional
341,non functional
37897,non functional
64538,non functional
34348,functional
67426,non functional
53079,functional
12527,functional
55255,functional
44610,functional
65546,functional
2260,functional
5480,non functional
27649,non functional
53468,non functional
497,functional
46354,functional
38045,non functional
29576,functional
5200,non functional
26463,functional
8715,functional
70544,functional
50219,functional
73092,functional
30057,non functional
27186,functional
29660,functional
52836,functional
66209,non functional
1642,functional
59679,functional
24882,functional
63530,functional
15722,functional
47376,non functional
50807,functional
73203,non functional
9120,functional
45680,non functional
59738,functional
21831,functional
41297,functional
24692,functional
57243,functional
24782,non functional
50595,non functional
19094,functional
48584,non functional
48555,non functional
34860,functional
60788,functional
52047,non functional
61582,functional
73095,functional
53019,non functional
9899,non functional
23228,functional
44329,functional
8859,functional
18043,functional
41457,functional
42227,functional
40803,non functional
33795,functional
20012,functional
47298,non functional
65384,non functional
19516,non functional
6008,functional
73261,functional
35666,functional
58088,functional
24040,functional
21703,functional
63085,functional
25016,non functional
22902,functional
58243,functional
66798,non functional
58210,non functional
2527,functional
72877,functional
36503,functional
57992,functional
33901,functional
63367,functional
21889,non functional
44714,functional
1648,functional
69020,non functional
61641,non functional
172,functional
11989,functional
61387,non functional
61936,non functional
51263,functional
39424,functional
44914,functional
40977,functional
73925,functional
50660,functional
952,non functional
61606,functional
25329,functional
13916,non functional
23504,functional
53280,non functional
51264,non functional
18339,non functional
57856,functional
31074,functional
21979,functional
68911,non functional
42445,functional
3493,functional
59660,functional
4690,functional
6621,functional needs repair
34656,functional
51581,non functional
67154,non functional
66142,functional
17049,functional needs repair
53488,functional
40701,functional
8543,functional
63015,functional
38752,functional
5830,non functional
15645,non functional
28181,functional
51803,functional
32682,functional
73083,functional
8389,functional
72561,functional
14682,functional
44125,functional
19755,functional
18437,functional
37809,non functional
58896,functional
56782,functional
22859,functional
5196,functional
28854,non functional
52739,non functional
28266,functional
73472,functional needs repair
21845,functional
35978,functional
35588,functional
57591,functional needs repair
52983,functional
11561,functional
29609,functional
17759,non functional
73738,non functional
45070,non functional
25921,non functional
51424,functional
74056,non functional
72373,functional
45594,functional
44385,non functional
5349,functional
65856,functional
56192,functional
45904,non functional
32231,functional
6177,non functional
2162,functional
61649,functional
21251,functional
4566,functional
70553,functional
41190,functional
25938,functional needs repair
27542,functional
27090,non functional
56219,non functional
73563,functional
31088,functional
54004,functional
70048,non functional
3022,functional
16785,functional
58915,non functional
73166,functional
44005,functional
60708,functional
70812,functional
47488,functional
12013,non functional
1771,functional
52241,functional
35609,non functional
36662,functional
44989,functional
34207,non functional
24623,functional
47837,non functional
255,functional
4553,functional
50307,functional
63501,functional
50892,functional
33346,functional
67287,non functional
39253,functional
38883,non functional
56105,functional
11206,non functional
64557,functional
54769,functional
63431,functional
14352,non functional
6379,functional
67028,functional
5682,functional
38675,non functional
6666,non functional
5236,functional
21395,non functional
36698,functional
48142,functional needs repair
51286,functional
42336,functional
31706,functional
3345,functional
47932,non functional
31478,non functional
9532,functional
73761,non functional
56671,non functional
68926,functional
5948,non functional
50924,functional
54124,non functional
49803,functional
45943,non functional
9416,functional
64344,functional
18984,functional needs repair
20418,functional
18771,non functional
16973,functional
44237,non functional
66917,functional
53267,functional
60301,functional
18067,functional
24561,functional
45213,functional
24003,functional
67407,functional
21502,functional needs repair
69897,functional
57803,non functional
73759,functional
73907,functional
45239,non functional
25764,functional
29024,functional
62429,functional
5050,functional
50797,non functional
33439,non functional
50003,functional
71083,functional
21851,functional
156,functional
26070,functional
70845,functional
64391,functional
40193,functional
42472,functional
24140,functional
17980,functional
44033,functional
60837,non functional
60934,functional
59198,non functional
73351,functional
27179,functional
38268,functional
64822,functional
67220,functional
14858,functional
5405,non functional
41873,functional
35681,functional
28014,functional
60882,functional
37197,functional
56169,non functional
40819,functional
47268,functional
25093,functional
28902,non functional
2647,functional
49267,non functional
51138,functional
33337,functional
43335,functional
12859,functional
2376,functional
26685,functional
67230,non functional
7453,functional
14709,functional
45608,functional
66170,functional
7066,non functional
49528,functional
36390,non functional
71159,functional needs repair
20907,functional
60947,functional
28109,functional
8222,functional
63419,functional
39541,non functional
66799,functional needs repair
42453,functional
44948,functional
16134,functional
7150,functional
46674,functional
19347,non functional
73368,functional
62965,functional
51437,functional
7712,functional needs repair
27678,functional
19658,functional
8612,functional
43393,non functional
63767,non functional
60743,functional
38868,functional
45892,non functional
7693,functional
44321,functional
15346,functional
3798,functional needs repair
30873,non functional
53741,functional needs repair
61491,functional
4689,functional
54616,non functional
43137,functional
39951,functional
6774,functional
53301,functional
44379,non functional
19784,functional
11880,functional
10311,functional
71114,non functional
48596,functional
12571,functional
23249,functional
15606,functional
22941,functional
63544,non functional
65483,functional needs repair
24859,non functional
50004,non functional
26180,non functional
25677,functional
7806,non functional
42941,functional
46795,functional
21682,non functional
53244,functional
46016,functional
56537,non functional
57183,functional
71758,functional
57645,non functional
21981,functional
30118,functional
34419,non functional
646,functional
40521,non functional
31158,non functional
41396,functional
72673,functional
47571,non functional
819,non functional
10881,functional
3810,functional
7012,functional needs repair
25928,functional
57357,non functional
68059,non functional
52523,functional
20022,non functional
35242,non functional
5772,functional
68411,functional
22773,functional
30840,functional
34085,functional needs repair
11864,functional
11913,functional
11340,non functional
22905,functional
74212,functional needs repair
3420,non functional
49412,non functional
54054,functional
34444,functional
39470,functional
23901,functional
66573,non functional
57779,functional
40835,functional
50316,functional
37342,non functional
5566,non functional
60737,non functional
57943,functional
66476,functional
59939,functional
72408,non functional
11873,non functional
48702,functional
7015,functional
12932,functional
28055,functional
36746,functional
70432,functional
32209,functional
65582,non functional
32082,non functional
62792,functional
45653,functional
2961,functional
865,non functional
73028,non functional
62864,functional
66136,non functional
48998,non functional
48514,functional
15090,non functional
62509,functional
17001,functional
16442,non functional
32264,functional
25727,functional
19946,functional
2067,functional
7533,functional
65221,functional
54802,non functional
71245,functional
56479,functional
25532,non functional
52859,functional
26502,functional
15117,functional
62162,functional
24291,non functional
51849,non functional
36701,functional
20985,functional
19748,functional
37505,non functional
11439,functional
14217,functional
36525,functional
63725,non functional
37482,non functional
21715,functional
72903,non functional
38794,non functional
30054,functional
65097,functional
41517,functional
14239,non functional
48270,non functional
67159,non functional
29086,non functional
26104,non functional
11498,functional
44768,functional
19116,functional
15023,functional
40676,functional
8210,functional
33076,non functional
56754,non functional
30889,functional
46522,functional
11557,functional
27438,non functional
4104,non functional
65080,functional
69215,non functional
36505,functional
9490,non functional
20545,functional
26335,functional
20696,functional
38555,non functional
62469,functional
52442,non functional
39356,functional
57625,functional
51228,functional
22062,functional
3390,non functional
52933,functional
64378,functional
27382,non functional
24366,non functional
584,functional
29605,functional
47843,functional
32981,functional
23712,functional
36757,functional
2505,functional
56157,functional
62541,functional
48317,non functional
33697,functional
23739,non functional
38956,functional
47565,non functional
22228,non functional
46096,functional
71805,non functional
37621,functional
58278,non functional
11057,functional
29557,functional
16939,functional
60804,functional needs repair
15704,non functional
48807,non functional
10913,functional
61545,non functional
37822,functional
3474,non functional
33257,functional needs repair
21503,functional
14268,functional
40583,functional
65287,functional
17622,functional
69264,functional
42084,non functional
74154,functional
1520,functional
73005,functional
8490,non functional
68489,functional
18792,non functional
51364,non functional
44553,functional
12148,functional
63920,non functional
7497,functional
1951,non functional
26958,non functional
65897,non functional
15227,non functional
17963,functional
29326,functional
59684,functional
60256,functional
40915,functional
54884,non functional
4505,functional
24316,non functional
2843,functional needs repair
38403,functional
53329,functional
50169,functional
27766,functional
55507,non functional
6481,non functional
28793,functional
60763,non functional
54535,non functional
64182,functional
11863,functional
1945,non functional
42937,functional
7836,functional
10177,functional
44023,non functional
4736,non functional
10658,functional
18927,functional
42536,functional
60925,functional
20026,non functional
62025,functional
65029,non functional
34443,functional
49050,functional
16075,non functional
14208,functional
42791,functional
49532,non functional
33022,non functional
67529,functional
47546,functional
28169,non functional
17256,non functional
27252,non functional
11454,non functional
24354,non functional
49659,functional
59703,non functional
15534,functional
57208,functional
12820,functional
42519,non functional
61228,non functional
17780,non functional
9587,functional
35313,functional
48852,non functional
26297,non functional
50871,non functional
41014,functional
14737,non functional
29103,functional
13272,functional
60981,functional
23040,functional
69479,functional
61110,non functional
5912,functional
69460,functional
9268,functional
58766,non functional
69125,functional
33215,non functional
5531,functional
31846,functional
26146,functional
44608,functional
39404,functional
473,non functional
918,functional
53322,non functional
19984,functional
14099,functional
60507,non functional
737,non functional
13046,functional
59747,functional
7466,functional
71316,functional
54266,non functional
30934,non functional
65010,functional
55524,non functional
44060,functional
70372,functional
4386,functional
35675,functional
41332,non functional
55598,non functional
61164,non functional
45271,functional
19594,non functional
64869,non functional
34652,functional
45932,functional
44634,functional
30887,functional
23794,functional
32176,functional
6045,non functional
34035,functional
46466,non functional
37519,functional
12536,functional
20123,functional
33376,non functional
61089,functional
30938,non functional
61987,functional
40061,non functional
18498,non functional
41951,functional
15683,non functional
44001,functional
41636,functional
18863,functional
3130,non functional
52230,functional
1969,functional
37489,functional
28607,functional
28975,functional
62080,non functional
59619,functional
20251,functional
18615,functional
34650,functional
37444,functional needs repair
508,non functional
8227,non functional
2208,functional
48140,non functional
34226,functional
55270,functional
43568,non functional
63385,functional
1048,non functional
7351,non functional
920,functional
32400,functional
71407,functional
54681,non functional
72926,functional
17509,functional
40696,non functional
39363,functional
46131,functional
4309,non functional
36560,functional
67799,functional
72868,functional
35898,non functional
10830,functional
66810,non functional
68345,functional
57496,functional
52646,functional
30932,functional
62611,functional
13049,functional
64431,non functional
47218,functional
5656,functional
42987,functional
6890,non functional
8074,non functional
18535,non functional
60005,non functional
67381,functional
51550,functional
59056,non functional
21562,non functional
40402,non functional
13277,non functional
44189,non functional
3469,functional
20489,functional
50987,non functional
36410,non functional
858,functional
25153,functional
63774,functional
44698,functional
52280,functional
38993,functional
54749,functional
12336,functional
15925,functional
44285,non functional
39876,non functional
10861,non functional
7616,functional
55317,functional
63259,functional
5020,functional
19207,functional
10426,functional
49202,functional
39808,functional needs repair
17581,non functional
8519,functional
56090,functional
73106,non functional
33148,non functional
1787,functional
9331,non functional
28653,functional
58842,non functional
36459,non functional
24423,non functional
70219,functional
38125,functional
23125,functional
49155,functional
52364,functional needs repair
52625,functional
54641,functional
56914,non functional
941,functional
1000,non functional
14190,functional
14574,non functional
17827,non functional
9433,non functional
22234,non functional
35099,functional
17763,functional
37436,non functional
62076,non functional
1958,functional
8939,functional
73476,functional needs repair
35376,functional
37382,non functional
35657,functional
40007,functional
37040,functional
57998,non functional
15003,functional
53737,functional
4911,functional
62756,functional
36813,functional
52524,non functional
54064,non functional
61407,non functional
21631,functional
46754,functional
38078,functional
43352,functional
41136,functional
59503,functional
11017,functional
54104,functional
37938,functional
44879,functional
29121,functional
24111,non functional
13864,functional
70659,functional
19431,non functional
67382,non functional
54891,functional
56910,functional
51763,functional needs repair
37657,functional
71298,non functional
34347,functional
7747,functional needs repair
68120,functional
21308,non functional
60142,functional
10328,functional
44072,non functional
34296,functional
34055,functional
13336,non functional
2800,non functional
7274,functional
1885,functional
27234,functional
5704,functional
48053,functional
35428,functional needs repair
60232,non functional
8489,non functional
72991,functional needs repair
27604,functional
63555,functional
4482,non functional
48718,functional
1521,functional
14094,functional
22464,non functional
41322,functional
60153,functional
19339,non functional
57171,non functional
24293,functional
56039,non functional
9472,functional
10554,non functional
26606,functional
46533,functional
32950,functional
59127,functional
68801,non functional
21924,functional
40151,functional
25393,non functional
66761,functional
24637,functional
36937,functional
68907,functional
13475,non functional
22882,non functional
55068,functional
9498,functional
35031,non functional
39312,functional
50350,functional
58092,functional
52681,functional
41786,functional
37132,functional
14545,non functional
20394,functional
52720,functional
65107,functional
55271,functional
64854,non functional
74232,functional
16709,non functional
11670,functional
50639,functional
15909,functional
13270,functional
25149,non functional
12208,non functional
26350,non functional
45210,non functional
20335,functional
5868,functional
62144,non functional
71406,functional
10920,functional
38396,functional
35690,non functional
69510,functional
46371,functional
33984,functional
73152,functional
58024,non functional
71738,functional
28065,functional
67086,non functional
58122,functional
57668,functional
31327,functional
14781,functional
51381,non functional
55004,functional
43219,non functional
38978,functional
11044,functional
24771,functional
18028,functional
70575,functional
49777,non functional
29806,non functional
2580,non functional
26225,functional
29647,non functional
45709,functional
41625,non functional
54310,non functional
28899,functional
16034,functional
64848,non functional
32694,functional needs repair
58564,functional
29310,non functional
39223,non functional
36658,functional
73611,non functional
3761,functional
62277,functional
16590,functional
12774,functional needs repair
36944,functional
13416,functional
54088,functional
67150,non functional
60727,functional
31595,functional
55174,non functional
19383,functional
41016,functional
11869,functional needs repair
17512,functional
329,functional
27467,functional
29547,non functional
57341,functional
9099,non functional
30276,functional
60830,functional
40236,functional
16418,functional
55143,functional
67182,functional
66236,non functional
933,functional
9530,functional
21874,non functional
23489,functional
11959,non functional
47086,functional
17465,functional needs repair
33004,functional
29840,non functional
26298,functional needs repair
19584,non functional
23534,functional
4281,non functional
10431,functional
71234,functional
18446,functional
57530,functional
33167,functional
41384,functional
12559,functional
64292,functional
52393,functional needs repair
45883,non functional
39995,functional
27159,non functional
65782,non functional
35599,non functional
67723,non functional
35935,functional
18721,non functional
37086,functional
53876,non functional
20928,non functional
26435,non functional
59449,functional
53589,functional
72395,non functional
55489,non functional
28490,functional
25904,non functional
6112,functional
41087,functional
35616,functional
42458,functional
66491,non functional
9902,non functional
39501,functional
57271,functional
54070,non functional
57910,non functional
71307,functional
73233,functional needs repair
54190,non functional
43476,functional
15291,non functional
55442,functional
73581,non functional
21815,functional
26448,functional
37929,non functional
57411,functional
35623,functional
22237,non functional
59922,non functional
61522,non functional
38593,functional
26325,non functional
52529,functional
16179,functional
51492,functional
16490,non functional
12533,non functional
20630,functional needs repair
21096,functional
58303,non functional
38251,functional
38969,functional
69249,non functional
1704,functional
68089,functional
70082,functional
64897,functional
1539,non functional
63401,functional
17289,non functional
62502,functional
8008,functional
34013,non functional
32417,functional
9402,functional
45289,non functional
73097,functional
30193,functional
1600,functional
39380,functional
64694,non functional
64445,functional
38643,functional
4584,non functional
38012,non functional
66001,functional
39547,functional
31019,functional
38342,non functional
5833,functional
13355,functional
18172,functional
65723,functional
25047,functional
60182,non functional
23306,non functional
39438,functional
31343,functional
25587,functional
33637,functional
70033,non functional
16763,functional
60779,functional
48712,non functional
39140,functional
50624,functional
53191,functional
47480,functional needs repair
58276,functional
20905,functional
50945,functional
22691,non functional
63644,functional
21373,functional
59934,functional
1501,functional
4506,functional
67417,functional
31437,non functional
45686,functional
322,functional
66741,functional
17982,functional
28695,functional
62059,non functional
22640,functional
8415,functional
46551,functional
29090,functional
42749,functional
12189,non functional
33882,functional
21335,non functional
12028,functional
37175,functional
38194,non functional
9442,functional
49740,functional
64124,non functional
62573,functional
44167,functional
50010,non functional
10025,non functional
45602,non functional
68765,non functional
12589,non functional
59324,functional
33688,functional
19954,non functional
22395,functional
26777,non functional
26743,non functional
27081,non functional
33187,functional
32790,functional
1570,functional
58116,functional
33352,functional
20186,functional
15559,functional
19807,functional
60205,non functional
15388,non functional
57972,non functional
47257,non functional
33815,non functional
55742,non functional
7644,functional
61628,functional
70675,functional
42823,functional
19779,non functional
5717,non functional
19844,functional
39889,functional
21722,non functional
32563,functional needs repair
70253,functional
33707,functional
74113,functional
65967,non functional
37035,functional
8760,functional
33546,functional
19101,functional
68799,functional
56246,functional
62810,functional
61890,functional needs repair
5141,functional
29355,functional
33327,non functional
58982,functional
60223,non functional
63199,functional
21388,functional
18585,functional
21728,functional
30865,functional
10816,functional
61227,non functional
61428,functional
41232,functional
13413,non functional
32796,non functional
67277,non functional
48199,functional
57497,functional
23991,non functional
65862,functional
12726,functional needs repair
26953,non functional
40165,functional
33105,functional
70858,functional
11052,functional
1219,functional
2789,functional
39769,functional
39656,functional
39024,non functional
66675,non functional
38102,functional
11270,functional
63282,non functional
19838,functional
3489,functional
39335,functional
37020,functional
2345,functional
22712,non functional
30822,functional
17416,non functional
55759,functional
18373,functional
31433,functional
49325,functional
39393,non functional
52516,functional
51356,non functional
38136,non functional
1350,functional
66588,non functional
73304,functional
71524,functional
63270,functional
61101,non functional
71988,non functional
70536,functional
40262,non functional
73038,functional
6582,non functional
13369,non functional
72495,functional
8747,functional
20535,non functional
32571,functional
31564,functional
31110,functional
7027,functional
56506,functional
54293,functional
27157,functional
1789,functional
49379,non functional
72067,functional needs repair
63322,non functional
70759,functional
63529,functional
18405,functional
16878,functional
58940,non functional
50775,functional
69721,functional needs repair
31663,non functional
6810,functional
54609,functional
30612,functional
4519,non functional
37636,functional needs repair
55899,functional
11240,functional
14223,non functional
56236,functional
12259,functional
22141,functional
1370,non functional
70836,functional
18625,non functional
29119,non functional
5041,functional
56083,non functional
902,functional
14689,functional
3009,functional
1398,non functional
66561,functional
49986,functional
16577,functional
42217,non functional
49941,non functional
53977,functional
31129,functional
3546,functional
62745,non functional
58720,functional
2743,non functional
45176,non functional
6832,functional
10277,functional
68567,functional
66320,functional
31952,functional
18009,functional
37804,non functional
21749,functional
29055,functional
23375,non functional
33913,functional
22145,non functional
47180,non functional
51677,non functional
4434,functional
44403,non functional
55027,non functional
60119,functional
22873,functional
62498,functional
29006,functional
48286,non functional
45429,non functional
33987,functional
2308,non functional
5776,functional
58409,functional
5901,functional
42560,functional
36456,functional
24770,functional
12066,functional
74028,non functional
12112,functional
73069,functional
17954,functional
31238,non functional
32423,functional
55379,functional
35248,non functional
18465,functional
13688,non functional
51771,functional
12524,functional
38308,non functional
69317,functional needs repair
9504,functional
55756,functional
18896,functional
10536,functional
73610,non functional
45186,non functional
3617,functional
41958,functional
27720,functional
38061,functional needs repair
68290,functional
55701,non functional
57822,non functional
27463,functional
19350,functional
45711,non functional
37651,functional
56508,functional
3416,functional
63389,functional
32470,non functional
32476,functional
11176,non functional
37019,functional
33635,non functional
3188,non functional
55475,functional
55090,non functional
59979,functional
39796,non functional
54157,non functional
65307,functional
27351,non functional
13654,functional
62110,functional
52339,functional
28207,functional needs repair
49822,functional
39798,functional
4375,functional
40503,functional
15511,non functional
29480,non functional
47418,functional
68897,functional
26536,functional
41805,functional
8613,non functional
27540,functional
60052,functional
74182,non functional
57444,functional
60679,functional
27560,functional
51654,functional
30299,functional
32861,functional
32887,functional
5243,functional
10216,non functional
65876,non functional
69664,functional
36551,functional
25257,functional
33544,functional
19165,functional
38076,functional
65811,functional
56463,functional needs repair
60172,non functional
35164,functional
40047,functional
66904,functional
33005,functional
34242,functional
50274,functional
52474,functional
59337,functional
39037,functional
671,functional
41286,non functional
37572,functional
67085,functional
60724,non functional
4426,non functional
33519,functional
68693,functional
27411,functional
16059,non functional
10508,functional
51091,functional
58161,non functional
2009,functional
65306,functional
45129,functional
70886,functional
21079,non functional
14423,functional needs repair
29260,functional
33415,functional
22153,functional
55873,functional
56274,functional
973,non functional
2449,non functional
50726,non functional
56206,non functional
11729,functional
13638,functional
58446,functional
9961,functional
3172,functional
19777,functional
5681,functional
47297,functional
68606,non functional
58589,functional
70214,functional
61042,non functional
11747,functional
72704,non functional
19528,functional
25812,non functional
9042,functional
52702,functional
60287,functional
67148,functional
54592,functional
64936,non functional
17514,functional
31598,functional needs repair
12279,functional
64840,functional
4094,functional
22173,functional
13577,functional
4468,functional
6476,functional
10501,functional
21000,functional
13196,functional
53066,non functional
22751,functional
24620,functional
54477,non functional
4677,functional
32688,functional
37045,functional
22548,functional
27501,functional
18736,functional
68263,functional
73533,functional
72281,functional
63286,non functional
36489,non functional
40144,functional
466,functional
901,non functional
28663,functional
65505,functional
63075,functional
38111,functional
52514,functional
24799,functional
2875,functional
31780,functional
36376,functional needs repair
38663,functional
42162,non functional
49858,non functional
33864,functional
73493,functional
71261,non functional
53630,functional
58384,functional
40480,non functional
3505,non functional
72210,functional
14528,functional
56144,non functional
46076,functional
55824,non functional
21954,functional
24033,non functional
817,functional
11685,non functional
54148,functional
69419,functional
9333,functional
73856,functional
48454,functional
34611,non functional
35920,functional
12528,non functional
69784,non functional
33552,non functional
17157,functional
73453,non functional
50981,non functional
23674,functional needs repair
11553,functional
29217,non functional
73049,functional
53701,functional
34042,functional
58103,functional
69002,functional
10763,non functional
21134,non functional
24693,functional
32639,functional
38042,functional
65143,non functional
72947,non functional
35057,functional
32269,functional
21477,functional
57217,functional
13781,non functional
67883,non functional
7077,functional
73648,non functional
59667,functional
2249,non functional
19840,functional
32715,non functional
39154,functional
43541,functional
3497,functional
51049,non functional
4005,functional
30463,functional
22064,non functional
42930,functional
51981,functional
13120,functional
15575,functional
37358,functional
18770,functional
54680,functional
15607,non functional
29377,functional
28331,functional
13122,functional
61918,functional
59227,functional
35482,functional
22663,functional
49587,functional
3773,functional
42811,non functional
68178,non functional
47893,functional
70000,functional
27493,non functional
45643,non functional
3839,non functional
39750,functional
7781,non functional
24977,functional
50497,non functional
73994,functional
24296,functional
54924,non functional
23814,functional
23516,non functional
13565,functional
58206,non functional
64835,functional
24276,functional
57505,non functional
74148,functional
14845,functional
2063,non functional
57275,non functional
31377,functional
68341,functional
59106,functional
4037,non functional
32233,non functional
5068,non functional
19704,functional
4794,non functional
20541,non functional
45174,non functional
62718,functional
2841,functional
57837,functional
24658,functional
12018,non functional
67575,non functional
51143,functional
45461,functional
21405,non functional
36186,non functional
9890,functional
7595,functional
10899,non functional
2446,functional
27297,functional
26753,functional
29672,functional
49458,non functional
5596,non functional
12747,functional
17935,non functional
34361,functional
19181,functional
56153,functional
20599,non functional
29967,functional
68398,non functional
18245,non functional
57407,functional
8234,functional
44775,functional
69030,functional
39122,non functional
46966,non functional
40949,non functional
47528,functional
16717,functional
4499,functional
53922,non functional
324,non functional
54597,functional
51029,non functional
59845,functional
19328,non functional
44516,non functional
72333,non functional
32788,functional
2655,functional needs repair
25850,non functional
49814,functional
25897,functional
26769,functional
68324,functional
21148,functional
71091,non functional
61966,non functional
17994,non functional
40411,non functional
5470,functional
58797,functional
58524,non functional
63166,functional
23946,functional
64024,functional
2003,non functional
2053,functional
24762,functional
9002,non functional
73027,functional
71094,functional
69653,functional
36703,functional
46114,functional
5887,non functional
7380,functional
38522,functional
28841,functional needs repair
39777,functional
71093,functional
26440,functional
49676,non functional
15942,non functional
12583,functional
51254,functional
72092,functional
42333,functional
39340,non functional
27026,functional
16713,functional
36167,functional
28528,functional
62788,functional
30412,non functional
34088,functional
9938,functional
28683,non functional
70837,functional
59221,non functional
9356,functional
61747,functional
23679,functional
13,non functional
38836,functional
60482,functional
26273,functional
34791,functional
18549,functional
46422,functional
40033,functional
9212,non functional
65977,functional
57512,functional
4954,functional
4124,functional
49162,functional
29784,non functional
2370,non functional
18853,functional
63999,non functional
34865,functional
61892,functional
3336,non functional
37538,non functional
51955,functional
60757,non functional
18774,functional
57855,functional
42919,functional
54874,non functional
42338,non functional
60898,functional
59275,functional
27598,functional
54119,non functional
10335,non functional
69180,functional
66078,functional
35942,non functional
61807,non functional
26827,functional
26949,non functional
52753,non functional
40967,non functional
13907,functional
42922,functional needs repair
11730,functional
68874,functional
18798,functional needs repair
10850,non functional
20450,functional
28042,functional
49972,non functional
60893,functional
11772,functional
2002,functional
22122,non functional
11911,functional
16789,functional
53602,functional
49350,functional
52936,non functional
14161,functional
58271,functional
38057,non functional
10240,functional
58631,non functional
51759,functional
10451,functional
1680,functional
58837,functional
26677,functional
33360,functional
16390,functional
53822,functional
1320,functional
53159,functional
35873,functional
67046,non functional
39292,functional
55236,non functional
7810,functional
70305,functional
31485,functional needs repair
46501,functional
53670,functional
18666,non functional
24747,functional
188,functional
32525,functional needs repair
11620,functional
31462,functional
50710,functional
32449,non functional
12606,functional needs repair
50260,functional
12108,non functional
43046,functional
61411,non functional
57545,functional
26024,functional needs repair
65591,functional
2338,functional
6568,non functional
66489,functional
955,functional
4901,functional
29918,functional
59033,functional
15419,functional
50697,functional
15735,functional
68046,functional
32587,non functional
29620,non functional
71148,non functional
42965,functional
60594,functional
7569,non functional
7181,non functional
53810,functional
39814,functional
8777,non functional
13975,non functional
58025,non functional
40433,functional
23502,functional
4719,non functional
36258,non functional
56110,functional
56055,functional
3310,non functional
70170,non functional
47013,functional
25407,functional
68954,non functional
34563,functional
63754,functional
45483,functional
43435,functional
15087,functional
41666,functional
44817,functional
56284,functional
59408,functional
42029,functional
62750,functional
43865,non functional
63974,non functional
60798,functional
49768,functional
19138,functional
15870,non functional
31318,functional
67696,functional needs repair
47688,functional needs repair
54254,functional
7444,functional needs repair
44459,functional
53976,functional
70101,functional
25002,non functional
27243,functional
72115,functional
57830,functional
34661,functional
11301,functional
752,functional
13566,functional
42897,non functional
8009,non functional
23807,non functional
43824,non functional
46427,non functional
48957,non functional
43721,non functional
18464,functional needs repair
37729,functional
61771,functional
42365,functional
31266,non functional
6783,non functional
23027,functional
19100,functional
19602,functional
66388,functional
69871,functional
56280,non functional
47963,functional
46737,non functional
48582,non functional
35153,non functional
11867,functional
48966,functional
58063,functional
7465,functional
61209,non functional
53603,functional needs repair
17532,functional
6669,functional needs repair
30594,functional
68559,non functional
54311,non functional
21566,non functional
58614,non functional
26250,non functional
36357,non functional
45805,functional
14034,non functional
47789,non functional
16907,functional
18471,functional
51608,non functional
46387,functional
34495,functional
25024,functional
15997,non functional
8590,non functional
37704,non functional
71242,functional
66191,functional
16818,functional
833,non functional
21723,functional
73697,functional
11830,functional
64198,non functional
51555,non functional
2158,functional
66551,non functional
58004,functional
56352,functional
55692,non functional
4366,functional
67658,functional
54127,non functional
47689,functional
7494,non functional
9215,non functional
73515,non functional
70123,non functional
7017,functional
41948,functional
13367,functional
56128,non functional
13364,functional
37281,non functional
38955,functional
44964,non functional
7063,functional
9207,non functional
46851,non functional
34457,functional
7565,non functional
62245,functional
904,non functional
61462,non functional
34841,non functional
66342,non functional
39805,functional
25256,functional
22661,functional
55789,functional
17006,functional needs repair
44184,non functional
46739,non functional
17105,functional needs repair
48588,non functional
8383,non functional
35108,functional
28541,functional
64798,non functional
25702,non functional
216,functional
51858,functional
51525,non functional
33424,functional
40171,non functional
59706,non functional
13273,non functional
4640,non functional
15589,non functional
67738,functional
8663,non functional
50629,functional needs repair
70528,functional
36973,functional
16424,non functional
16374,non functional
56271,functional
51690,functional
12954,functional
63750,non functional
39700,functional
35671,functional
1717,functional
69405,non functional
53562,functional
15810,functional
63417,non functional
52281,functional
44264,functional
48363,functional
42668,non functional
65699,non functional
24461,functional
1051,functional
1272,functional
9055,functional
48418,non functional
17133,functional
61176,functional
13633,non functional
60827,functional
12657,non functional
12181,non functional
69153,functional
14035,functional
44137,functional
31093,functional
30780,non functional
19757,non functional
37301,non functional
23880,functional
22366,functional
17408,non functional
22443,non functional
4844,functional
44626,non functional
47616,functional
56174,non functional
41111,non functional
65912,functional
46900,functional
59905,functional
8544,functional
35270,functional
60082,functional
39830,non functional
66566,non functional
17798,functional
22537,non functional
13842,functional
39196,non functional
57348,functional needs repair
7954,functional needs repair
45278,non functional
22127,functional
15447,functional
69428,functional
68152,non functional
899,non functional
55433,non functional
32859,functional
48230,non functional
49451,non functional
4371,functional
36252,functional
2459,non functional
50494,functional
8542,functional
28294,functional
1290,functional
25117,functional
31880,functional
59021,functional
52658,functional
53387,functional
43999,functional
18620,non functional
16766,non functional
20062,non functional
6046,functional
47640,functional
65625,functional
60404,functional
30797,non functional
49406,functional
27394,functional needs repair
4236,non functional
58382,functional
26222,functional
3105,non functional
33332,functional
31381,functional
62291,non functional
59256,functional
1878,functional
41661,functional
62360,functional
71825,functional
44440,functional
42899,functional
55652,non functional
26674,non functional
8508,functional
52316,functional
14280,non functional
61322,functional
53323,functional
28538,functional
46953,non functional
20339,functional
32276,functional
38296,non functional
16864,functional
69161,non functional
48613,functional
30510,functional
30194,functional
61052,functional
58656,non functional
55757,non functional
21717,non functional
5832,functional
54580,functional
63540,non functional
57665,functional
21491,functional
65846,non functional
61344,non functional
23080,non functional
26709,functional
43982,functional needs repair
11728,functional
41653,functional needs repair
19316,non functional
12455,functional
10081,functional
63295,non functional
28465,non functional
66154,functional
19678,functional
11657,functional
73866,functional
73388,non functional
9913,functional
4378,non functional
8897,non functional
34534,functional
15834,functional
15482,non functional
57373,non functional
2797,functional
9642,functional
9840,non functional
11789,functional
8930,functional
59431,functional
41955,non functional
23955,functional
40219,functional
19114,functional
27231,functional
51384,functional
59970,functional
14377,non functional
28876,non functional
10215,functional
70796,functional
56815,functional
51927,non functional
20645,non functional
15216,functional
29019,functional needs repair
37375,non functional
41382,non functional
20971,functional
762,functional
29080,functional
60401,functional
914,functional
31009,non functional
71643,functional
28800,non functional
41377,non functional
50170,functional
59465,non functional
7315,non functional
37788,non functional
68953,functional
33466,functional
44619,functional
43358,non functional
14720,functional
14031,non functional
2271,non functional
12512,functional
10346,functional
73475,non functional
26244,functional needs repair
56593,functional
4350,functional
7913,functional
60069,functional
33071,functional
14312,functional
50353,functional
19732,non functional
38551,non functional
49730,functional
56377,functional
31723,functional needs repair
5151,functional
14718,non functional
39359,non functional
48728,functional
27624,functional
18069,functional
52066,non functional
69831,non functional
8835,functional
72757,functional
60696,functional
33680,functional
30454,functional
57671,non functional
13503,non functional
34837,functional
33516,non functional
34824,non functional
101,functional
2017,functional
52375,non functional
73439,functional
17950,functional
71886,functional
61278,functional
57776,functional
44064,functional
48502,non functional
32759,functional
57195,functional
35259,functional
3955,functional
50215,functional
9425,functional
68556,functional
23610,functional
13392,functional needs repair
56579,functional
42434,functional
44766,functional
73364,non functional
73643,functional
61837,non functional
44405,functional
10193,functional
55176,functional
20983,non functional
65551,functional
47258,functional
27421,functional
70590,functional
2087,non functional
11170,functional
8698,non functional
58471,non functional
13260,functional
56082,functional
48891,functional
55422,non functional
22623,non functional
46580,functional
36648,functional
14487,functional
3269,non functional
7922,non functional
4293,non functional
22388,functional
12997,functional
31426,functional
358,non functional
73197,non functional
40649,functional
47948,functional
56401,functional needs repair
23718,non functional
56713,non functional
10205,non functional
59505,functional
52255,functional
27601,functional
44895,functional needs repair
68027,non functional
42839,functional
44822,functional
33184,functional
34842,functional
48948,non functional
16141,non functional
17762,non functional
27416,functional
35992,functional
42825,non functional
12363,non functional
41971,functional
44737,non functional
69191,functional
33893,functional
39538,functional
46544,functional
37347,non functional
7504,functional
71022,non functional
31833,functional
53772,functional
51268,functional
65296,functional
49042,non functional
29120,functional
47336,functional needs repair
47648,functional
69564,functional
34129,non functional
5055,non functional
19694,functional
55640,non functional
70737,functional
28345,functional
43303,functional
2811,functional
14735,non functional
48047,functional
17852,non functional
8479,non functional
15994,non functional
73255,non functional
6867,functional
4728,functional
13241,functional
64665,functional
56279,non functional
64526,non functional
67119,non functional
33700,functional
19744,functional
4250,functional
56000,non functional
35480,non functional
43653,non functional
49339,functional needs repair
57344,functional
49524,functional
50846,functional
63024,functional
52700,functional
57153,non functional
61040,functional
36768,non functional
68255,non functional
21152,non functional
32023,non functional
26494,non functional
55396,functional needs repair
6656,non functional
15613,functional
33427,non functional
66629,non functional
3741,functional
11818,functional
52726,functional
3541,functional
45994,non functional
20627,functional
31369,functional
42898,non functional
21882,functional
42582,functional
15496,functional
53708,non functional
50920,functional
10915,functional
51489,functional
56936,functional
42375,functional
17997,functional
14638,functional
51427,functional
31390,non functional
63645,functional
29313,non functional
34474,functional
33339,functional
1252,functional
73579,non functional
52228,non functional
70038,functional
25901,functional
21131,functional
26580,non functional
66059,functional
32944,functional
13686,functional
8471,non functional
19620,functional
74162,non functional
37994,functional
71151,functional
45017,functional
12592,functional needs repair
58693,functional
57539,functional
71252,non functional
7869,functional
57316,functional
59757,functional
64579,functional
57731,functional
65541,functional
68174,functional
39307,non functional
18990,functional
28749,functional
33492,functional
68707,non functional
